,0,1,2,3,4,5,6,7,8,9,10,11,12,13,14,15,16,17,18,19,20,21,22,23,24
0,0.22707361903918818,0.0017494934151609657,0.10536669690366882,0.014305710561417866,0.13473122646819488,0.0011097938639969631,0.10198056571339607,1.2021824836341466e-39,0.06463702341852572,2.4953218286173884e-09,8.066244760899535e-05,6.175496142255887e-08,0.04155678261754011,0.09269461477518111,3.694684443385655e-08,0.005963805745308212,0.008742503883910664,0.0001545940730977442,0.0004004688041233942,7.649419868672088e-21,0.03845488795096259,0.004172391173819972,2.82570463184306e-11,0.03274806430471859,0.12407699361479438
1,0.0010222951424556379,0.011751663149037979,0.007157497271191401,0.06208874933120601,0.005045778016008535,1.857461244173612e-15,0.09773843008307928,2.6929088204028007e-20,0.2872608552642,1.585408931496328e-31,0.0176365866287914,2.9962222001877685e-05,0.1281133954976755,0.005161945817618284,0.00066150213388272,0.019586452723686733,0.03344019367608253,1.4384487080255376e-09,1.1263382265968178e-05,1.0146461724598493e-06,0.04498132862761916,0.12673407246337334,9.08253059671649e-07,0.14703268755433768,0.004543416677802984
2,1.7214129123764596e-05,0.005891345585674051,0.12421471483586287,0.007700378777155235,0.08340848397491574,2.145194286924658e-09,0.044387961277786304,0.00026835728371058887,0.17688169898626374,8.910302462232598e-08,6.126567987155579e-05,0.013053626134011544,0.09427506038219978,0.004615258322410915,0.00033839705216098716,0.04053918377232649,0.019449219074183153,0.0009331721606472434,5.173226498173923e-13,0.00013372079466546927,0.013741387477229918,0.0677486226040206,4.282990098808109e-05,0.16604949789578666,0.13624851265026894
3,0.00755476661964655,0.20012708187484357,0.08224446310950903,0.11076415389040925,0.023337248755378154,7.981134048309642e-17,0.017733047753321896,6.233159722203487e-09,0.06765485637732754,2.86552583051006e-27,0.0027620460353529716,0.00593855952566264,0.04604280670440943,0.03339037965884774,2.3209580593750303e-05,6.162086105242456e-05,0.058114125732267395,0.003907860579770857,6.704909379498309e-34,6.304086808613447e-11,0.23032249477542613,0.024678742766971636,0.050646090917063145,0.006779153092264893,0.027917285093680293
4,0.17215115427560415,0.0449160598308083,0.054485316119788546,0.03498672054309105,0.0068034678340119425,1.3622689757766853e-09,0.0067442082197741015,5.251334933814555e-07,0.17138798412608883,5.15295808105556e-20,0.0014652256061400608,0.0008773574807929386,0.05051952166917277,0.06976512582177871,0.0032563999252387906,0.0002519244752702568,0.04444712594700929,4.5612819194294535e-05,5.765223879564211e-09,0.001277231876038182,0.05160693149960342,0.06996091775849997,0.017335790508411667,0.009256636497459154,0.18845875490523728
5,0.052508987862855135,0.0030528821520915384,0.09895138797408506,0.008840519247399876,0.11960647540461197,4.707860898300949e-10,0.11178729552357405,1.0933071391859589e-24,0.009642197607477206,1.1433076525977035e-08,0.07335275927556034,0.00396639706204623,0.03278559777210112,0.08810140421891391,1.292896923656591e-13,0.036181623395259266,0.026843524268886445,0.10419286309916818,4.909817870842525e-20,0.0005290315015323087,0.052603900468593916,0.018867944245477872,0.00016769713369079042,0.026242579686356134,0.1317749201963268
6,0.1522347082601236,7.920414515618272e-05,0.04317502355200848,0.00030041444252027855,0.004686841921549052,0.00019187429866935704,0.08898557266868212,7.75002717703534e-27,0.03327850109349558,7.924438424295054e-12,0.001243931181381589,0.15052504009116457,0.0284478983355065,0.027880418692631765,1.3312673391460606e-14,0.1245938831018376,0.0816997712638708,0.0001563179058400646,1.1501044811298634e-05,2.563791103505725e-34,0.011210471528442853,0.04276655819220434,1.9294308816697307e-05,0.11671628092561673,0.09179649303773278
7,0.09466559300886788,7.709476906984167e-05,0.06376304783593414,0.010787664703535324,0.11884839664527594,2.0526130066435646e-13,0.058330451771945194,9.87563194772574e-07,0.3138730641879107,9.23194378262825e-53,0.0005655796365484556,0.001765159530371708,0.10570376506759546,0.031486952282090835,5.8167590246702725e-05,2.0354444993716054e-07,0.00738592628633173,0.04459755081729929,2.1869298750129887e-10,0.0010523219175723772,0.06925069283864527,0.003691813986273599,1.3516808035193321e-15,0.03575561845305792,0.038339947344883
8,0.202234437799907,0.024003363863312678,0.10717063045873611,3.0374783654538533e-05,0.00015288172088931336,0.0011533069645267746,0.0702708211158476,3.4763054089525714e-08,0.0005391967532095878,1.0641077330096255e-12,0.00427229282469753,0.0008162947451483387,0.04024157277067046,0.20884059664439655,0.0001153543471572776,0.0024212422854965224,0.11028044895756053,0.003959432393764377,5.036779557108424e-18,1.9879769532358724e-12,0.059737143806073666,0.06852628254125398,0.03321391270653613,0.02922976752588815,0.03279061022516663
9,0.032126339330644016,0.029140210069567095,0.0077108484313804905,0.08006227129578393,0.003579020915502572,1.1908710633169784e-07,0.01633068317841732,1.587633015818186e-13,0.092575579711861,1.9763276266330623e-37,0.002725323796725376,0.00684139682862904,0.02364403135543818,0.1682350570202671,0.0006948505957133476,0.010182086206748668,0.0836828342655335,0.05293978907195593,2.6621190027398385e-26,7.009462926544373e-08,0.07440949129919286,0.21542580280345922,8.957176817250204e-19,0.02290635645930254,0.07678783818198337
10,0.010408469615571025,0.006962057398347033,0.2379322474104117,0.014382530301353027,0.025118209340638183,3.2401778143485466e-09,0.051924695677045295,5.391560442306666e-09,0.1724965640495188,3.3582630629794e-08,0.1566951919866308,0.0036893215370903247,0.038971039961255435,0.011159715051124668,1.3433194810122867e-05,0.00023565361009724874,0.01562398369643866,0.0017434147035695416,1.2253150992775733e-08,9.994255814497663e-15,0.058752879010260675,0.17233686701197987,2.2587167760585973e-06,0.010160320182495039,0.011391093077056779
11,0.018580329030716533,0.00023976776985704156,0.0451859839597927,7.843369272022284e-05,0.004210919602856078,0.0047130647124799235,0.14507175334113784,3.0905191921392607e-05,0.20895698608903165,8.800054418845855e-20,0.050158753278096414,0.003996571108924488,0.11285263601793914,0.10214449025935271,0.026264273982885153,0.08879517595092705,0.0005525446913618084,5.334930258319641e-05,0.02703872558785447,1.1305116903212967e-05,0.08650493232373183,0.004199791575384187,0.00031296831345383017,0.05969885523937018,0.010347483860718954
12,0.0007082182682432441,0.0017511758192079326,0.010766747381398984,0.09995116288456633,0.10139844477758755,5.592789793407867e-07,0.05925624464610605,2.1042345141858415e-38,0.2197595186268876,5.7993589094259615e-18,0.04136594568097873,0.013407329516797534,0.001286942858041232,0.058385160724182386,0.0678328283596177,0.04862557992470374,0.042669370925680614,0.00030694731966539584,0.000422570102369566,0.00011804055144067583,0.028947765129435775,0.17398731944098225,0.005289938632023372,0.010098853839941224,0.013663335311162804
13,0.02353362185938269,0.022008309841040966,0.07617754575504673,0.06374392525497728,0.005493596405204186,0.00038855434452999166,0.04750805481114864,7.159825276928506e-09,0.002663216820070677,4.238118384182588e-09,0.10182397649140267,0.044470168022780227,0.04391042928919461,0.05426321484545251,0.003938078678435944,0.0005139263523824942,0.060068748685169024,0.00013605784590738613,0.0019807378087468982,0.00016773170623319458,0.36223765358138627,0.0009781866760746728,2.9242509428774744e-07,0.04698042980229499,0.037013531300100024
14,0.12347451835962471,0.002647445067901835,0.056330341549418,0.00289862775493812,0.09312562605847365,1.4422807328852314e-08,0.1600476490047086,1.6330821318270047e-12,0.06717510068459133,0.0004741248187024268,0.0006389679110553874,0.01632011969239386,0.11466571095595145,0.019182762016148512,0.11046759333984836,0.005519407882226154,0.003825910507101991,0.0021480403224484607,9.330336234051427e-07,2.8658287598227034e-08,0.013741552087403214,0.0525876357221565,0.0004263777030787658,0.10382529831400535,0.05047621413147179
15,0.013786492250546381,0.0074480958884898885,0.0513507733733632,0.10150267990809879,0.28938106726884383,0.010055986233219062,0.003593585761095525,4.420072956461942e-81,0.06810599223810376,0.009149775278960345,0.0020790391081464948,2.0374899789809533e-05,0.06577854133158098,0.013353721218217911,0.013318018354713386,0.0026948420079166494,0.016939370152213667,0.03847911500607392,2.8028620090598928e-11,5.796926543778496e-05,0.004918771820416542,0.1612852050453568,9.312884622462564e-06,0.10724073210869264,0.019450538568071725
16,0.03580372098214799,0.010416614968013103,0.033013491669953994,0.01856386090454017,0.06512127486361041,0.014467452667820919,0.09732271847637093,0.0002009653627095564,0.006069182993049174,8.972185569055005e-07,0.3773979234593197,0.012538358358395818,0.1202074779420652,0.0628990487026219,0.00018315716579883382,0.0008385920301315061,0.013825114751061799,0.002670010772128685,5.233568916542227e-07,3.3207606408848216e-06,0.0007343806337056643,0.06790732436675612,1.3337062584764819e-05,0.009768564347671649,0.050032686183452364
17,0.2588154227312421,0.02530031177579145,0.014827145217314298,0.040150939870251985,0.004178949167140041,0.00010533812825330427,0.04406570077781332,8.183844491731857e-09,0.07367261522378402,9.394608955929362e-109,0.0029634674171130073,0.12329930040144567,0.01908321657220497,0.031112207433486166,1.6992438197341632e-11,5.293384087642497e-06,0.09578563657314239,3.805614651831624e-11,1.7893928134460488e-29,1.9210753960135277e-07,0.014662944378644108,0.12836667188754952,1.7044767976936253e-06,0.0020915243176971117,0.12151140991980836
18,0.1433507320403867,0.02421840139971857,0.084509933240844,0.027966113149366645,0.032282511630603285,0.011599576564086063,0.1480833878000789,1.3989458952595489e-11,0.09124352248464844,8.084367438062933e-19,0.06691780945309177,6.854568144928292e-06,0.05056299188733879,0.029431747040508435,0.001788307360944745,0.0013588406296989736,0.03994654040015077,0.0010019919056644259,4.919403073765495e-11,4.427775341392584e-26,0.04845107365793538,0.05014159846654109,0.05037411871984866,0.09265413887942857,0.004109808657787617
19,0.04680150906306693,0.156961158159197,0.004218660525053932,0.006063028919953572,0.1467068962358263,7.911829969360037e-07,0.006035932404940593,6.724058990456752e-05,0.025438518741344385,7.726961911521806e-08,0.022447562841408406,0.0012513757040293956,0.1827072616609283,0.05517963834029353,5.159858544637536e-10,2.931094863473428e-07,0.057994604259588356,0.04559360268131524,8.171999813205018e-12,2.9119169409107274e-08,0.15149511407661295,0.020740830274364363,9.541542093052358e-18,0.03581237960412557,0.034483494712616886
20,0.17528500846082307,0.02261882527863612,0.05174993201963214,0.03180350667283767,0.016187786771557147,8.682367247905908e-09,0.01530995505197975,1.3680687488726764e-23,0.006306707511059711,1.3936619689213713e-28,0.0021002824928044346,0.0015809911839224046,0.11840375057028685,0.06181925830421121,0.024921685481863177,3.2125006257922826e-10,0.1997009686666727,0.00016474839168054687,0.054256770085551735,0.014902066189769535,0.10848689562395178,0.002494738247404305,7.854332913929626e-05,0.07424229288926808,0.01758527777333102
21,0.0901812694206231,0.018829479822950176,0.0037569104567429065,0.044637300875945404,0.00017602573205160587,0.0062457422537647725,0.026770645774075244,0.000136684071809185,0.06472251928755451,2.729274744340608e-29,0.04360094450254948,0.011268688754475932,0.07293721117534294,0.026164581120791564,0.00011729113141873299,0.006657612503631081,0.005696287466426961,0.00014592277381804216,4.4063838504893816e-05,1.1762323711344198e-07,0.030737077412134575,0.06388073835483524,9.005886473660285e-05,0.2445590357470811,0.23864379103549876
22,0.07450711419631816,0.02067848174403726,0.09156056627019939,0.009924254344064356,0.025633458235125813,5.134488295953859e-47,0.03816567499858098,0.00040941921833691686,0.1447645635890187,0.0030774156577970846,0.04152854994803387,0.01099786814581332,0.21980067019021468,0.004614876246389655,0.0024575686649290288,0.007911256670602315,0.02152894267386142,0.026284074751766452,3.0997738913048937e-13,3.5225644725944937e-16,0.09892919896954462,0.021895800798127217,1.4675774203988088e-05,0.018366540843719057,0.11694902806900535
23,0.031491232011818186,0.37659848389314093,0.005076443054036074,0.007019915045067833,0.02531001746515714,4.093241636981915e-06,0.005298676570081179,3.561878101318099e-27,0.01772413667747679,1.013892248363408e-30,0.0007487562135744418,8.388906542852786e-06,0.12902077466514997,0.0976233078613871,0.0002886187004426821,6.889525070543608e-05,0.03007402422455574,0.17790865669268982,1.7389747240308945e-11,7.368468599391929e-31,0.004175708074399824,0.03843271654277634,2.532975123625997e-09,0.016212387916122478,0.036914764442873074
24,0.08720166206710779,0.005293185866556474,0.041790774211045795,0.005307745140322915,0.013021926535121063,3.48964153482959e-08,0.029782743330854088,2.124679717862169e-49,0.0028246054832840014,5.378237649101346e-05,0.00089197211253067,0.04681612257023549,0.006586431862513286,0.01640414701608936,0.04782773287781475,0.11922939529558114,0.11558097206700164,0.0001241546196910276,0.009525648714232416,3.412447866360512e-05,0.1572321031448715,0.09959851879647216,3.133846449312639e-09,0.004855841140738445,0.1900163722625197
25,0.3332373417230189,0.12484197809835758,0.1297151758432446,0.011696359253120235,0.012413732295933321,2.085272171650376e-06,0.014801418026815583,1.0336219354935467e-28,0.06433050675907406,8.712257797494714e-38,0.00024822891724037325,4.1569735378470765e-05,0.028371166283679614,0.01673435008903084,0.0002384845045331839,0.02039654502861861,0.011433648464262095,0.00037674725264138007,3.547742180445678e-20,3.5867000045087815e-05,0.02716694457807895,0.12178375732150284,4.969474811074166e-07,0.07705650043378363,0.005077096171987591
26,0.07296772464253198,0.09555683899404918,0.024925099453699556,0.020893933382126362,3.2540463683172756e-07,4.113815049940047e-07,0.03902693621338823,4.634169130468895e-19,0.026441701160298866,3.963854110618717e-83,0.04011157625185528,0.003580668543288157,0.1392727069402472,0.02347413268056336,0.039853269878957195,0.0005450180660046883,0.001359095920711877,0.009480971862235989,0.06150808307935853,3.082492549339234e-10,0.0020874589311266015,0.05515584174409407,1.066398398519143e-05,0.19448556423830318,0.14926197693878343
27,0.3357550927469488,0.04347785124514443,0.06087241633776001,0.004373064990394707,0.03051580182098104,4.4035299622573395e-10,0.060149222731255406,2.341410709763839e-07,0.06815047863833659,2.3409522897203645e-33,0.07152703192181184,0.0008169431253050812,0.04920784584346892,0.09474840152235363,0.0269294760921212,0.0037047180073426287,0.010599641925037352,0.011858982536745869,0.0017541389745376948,2.367255427245776e-08,0.003622102470561795,0.05214999318920409,6.985862770407616e-07,0.0010459753499590415,0.06873986369047477
28,0.0481831870269332,0.003279216458605611,0.164741733423532,0.001564553152856054,0.0442266973256267,0.005268537687348321,0.007745279191593283,1.8228869233414952e-30,0.0474810607678617,1.792813125859193e-12,0.03938307336653844,0.026629798882361385,0.09558107406610053,0.04521965170827081,0.02883604699744174,0.003439339541454457,0.009709439956381594,0.11806368568449963,9.718110079468003e-17,4.4185759805328316e-08,0.006439545842932954,0.14553204833236924,4.007116399987432e-08,0.13452050122262224,0.024155445105953483
29,0.26431929018906064,0.07883394358248375,0.004947748559166706,0.0075112314930314865,5.1711481069048583e-05,3.4882361818460662e-06,0.012476980819404796,1.5040793997052607e-05,0.07360722593073146,1.262066199537684e-117,0.0032081736864219127,0.005465129701827362,0.0036517031244549815,0.027450646948042876,0.03161705036952625,0.0019518814311327596,0.08725256849088796,0.0891501873386901,8.848196151617225e-09,0.0011348472391820516,0.03601894924022033,0.0751586759066668,2.0364637993248778e-11,0.14606433558790255,0.050109180981356694
30,0.13587821174307546,0.008936969643990947,0.1267939253809108,0.0003596424256984665,0.1560594658625986,1.8690634710580488e-07,0.008130265895708515,2.4100849556716973e-06,0.029413111778316896,7.83265071888691e-38,0.012233526628624442,0.00017133649897479439,0.022419233614570596,0.07673383163383385,7.021176260168143e-08,0.015447046059409263,0.27451177070230004,0.0003672270876084766,0.0002616751858477263,0.009637603709959842,0.009236277519198068,0.06136001389918626,4.2794459333566574e-08,0.04931449705755149,0.0027316576751106043
31,0.10908831281909052,0.00174147084662209,0.01707128196140424,1.0049944263970746e-05,0.13555938060578296,5.6785657074653835e-05,0.12022522599376459,1.1415961674266915e-07,0.19362063953176142,0.004584150621086544,0.0064780534202445355,0.001259381941414597,0.05572716253042863,0.1912737347453652,0.0002695852567399984,1.766865906702305e-06,0.009154421847502635,0.007746593000417147,2.2715388495492615e-06,0.002278788675655516,0.0029049099535678434,0.039491318783747655,0.00033540298792797814,0.036235638912651004,0.064883557399113
32,0.14667789398741804,0.032950289292673185,0.06595908124400472,0.004679438608100756,0.26075279720120675,1.971642021729155e-05,9.120248122979538e-05,1.6696926494516123e-21,0.021815215597254897,4.1204814127978525e-31,0.0015724322189042761,5.7611102969669905e-06,0.01198512288145264,0.03619717537350818,0.002348915046340507,0.0017406726266675015,0.05945498872041313,4.157529674340712e-06,2.7385744359742973e-14,0.04249353474502358,0.052602040120866535,0.013052779283804791,5.090674873667644e-15,0.044834734304313575,0.20076205120659613
33,0.16137367322705617,0.06588624542947095,0.07727711595209384,0.025520856499529693,0.10514524533666642,0.0003371620292921791,0.016229919733765114,5.728035493279563e-12,0.048568076357019596,1.595805752191238e-50,0.13596459177594947,0.031909587063457125,0.020222060710882898,0.010500540763594792,3.4012611956870134e-11,0.00014978724912759637,0.01993227565296388,0.0020890044314834716,0.16617753078550915,0.00015892399461710276,0.05498809227064651,0.01308590590716314,0.004789296647967965,0.004153234609998956,0.0355408735320031
34,0.01720040855080299,0.03780400843467295,0.042361379495809134,0.028080572421498952,0.0002993605207605759,0.00024185939709420588,0.12397488761791187,0.05572829924213099,0.013555156139619473,1.4382109993382843e-08,0.024530736922719773,0.0005545584835993931,0.033411550401989586,0.17436739678027802,1.3174355635694072e-13,0.049840622090591674,0.045562019568551056,0.04068441767268745,6.17001347072864e-05,3.0796965387833287e-06,0.10047900766181607,0.0948319219848621,3.0110866930895715e-05,0.020860994935303377,0.09553593659688193
35,0.005929929285295399,0.039645247831782277,0.08730176445933602,0.0024008439421308357,0.007135977562849958,0.007973646444329874,0.0327448419678726,0.00034707382588490483,0.09037050053666548,0.00014925552233327762,0.021059961298000737,0.0036585504855779633,0.08375019512810945,0.2491677145539753,1.7884488663894508e-07,2.101872106105111e-07,0.03891738722456254,7.837571635130757e-06,0.0010600418579945557,1.4717397485402288e-07,0.005012226063198911,0.055015362459634426,1.4565666480496311e-07,0.023261102668688617,0.24508985744740455
36,0.02285016805924088,0.029393861776981327,0.13025944581455853,0.00847891802914438,0.22176808861903488,1.3156060134796657e-16,0.010831926076214332,0.04857754948038398,0.05236824511745932,1.460588546941226e-20,0.0006278760270131969,3.3047690236527994e-08,0.1428040648123884,0.06271321224405041,0.009201831513207803,0.002163859846007547,0.01812934158584141,8.109742839451065e-06,7.488636890653984e-13,2.1913980558241644e-32,0.0027664015450316027,0.06581296620162363,0.00012924391605545339,0.023181214489412325,0.147933642055072
37,0.028543124545717842,0.00022129673807147417,0.11668862572957635,0.05935842252204748,0.06540936803976583,1.8762056197718913e-09,0.07179937619372108,0.0004056309980250609,0.2353279813964545,1.418382166340469e-34,0.0061887181458194895,0.014882081388858014,0.03648557734074242,0.05701695586315668,3.5126135528926585e-05,3.530003506476896e-05,6.693890221283285e-06,0.0001374646555435344,1.2315598594739383e-10,4.688965213917313e-10,0.01618889991263001,0.10548226249135886,0.0017284321417925994,0.05335474727102379,0.13070391209662222
38,0.0639052130877336,0.006638031422706815,0.026008781583031437,0.007919165560752275,0.017121145824656916,0.0003275243149145567,0.036596376170928514,2.029561299545521e-05,0.013352693109832706,2.448494227764851e-07,0.06628298039118488,8.755681962755529e-05,0.048297023465060394,0.041251946196485145,2.5545522978676465e-06,0.025523385697360155,0.15027537029458826,0.10472228153261307,2.257313850691075e-08,0.0007780959840403458,0.189110408342176,0.0974317269089377,7.159066187832949e-11,0.07480004035449572,0.02954713527942865
39,0.10541037140242648,0.13557774671990558,0.09910356635216717,5.7945434916578806e-05,0.02886186536922794,7.781038757299693e-07,0.0030150457204597943,9.656208250517668e-06,0.01672790941960897,1.0180848100017656e-14,1.4527295681242425e-07,0.002921345194344807,0.04572275878616317,0.011455145632066373,3.6888881872920147e-13,7.516662409028478e-06,0.11677832912831494,0.003039525027467767,1.2456669932045186e-15,8.848118778921485e-22,0.019119269475789406,0.2626903884159839,0.09072094961544727,0.0009157884239426264,0.05786395363389465
40,0.33558100694909654,3.822016539479755e-05,0.004367810058277932,0.007797333273318889,0.0326295668393386,0.011693426116029611,0.02796699522018742,6.832939997695574e-12,0.07609085902165615,2.1652768522385988e-38,0.03593366536348269,0.0018986809766247418,0.03273448129094228,0.096723337281684,7.70446024468618e-08,0.05731007963479818,0.02706507218284519,0.06364722130296965,4.946102357585357e-18,4.1946187744921475e-06,0.03750487060078236,0.0026224018429439697,0.00019788691471779433,0.08514687919459127,0.0630459341001082
41,0.11805322711727162,0.09461234794926297,0.15939897465454414,0.01647355355282296,0.05604562702029999,0.02047634480492584,0.030161564593980256,1.0734899770177191e-05,0.03785780574423004,9.959983578071651e-31,0.048632815336269654,2.5620571687035834e-05,0.21932918526143974,0.06341733460236668,5.348677198090741e-06,0.0001458947833211262,0.009554101788071446,1.4614826263213433e-08,9.894370429719327e-12,4.371229601385696e-10,0.00559294027293207,0.05582172469501957,0.0003051294565859449,0.03586994589443068,0.028209763261726313
42,0.21642521725306196,0.003629913310044388,0.07470641640368883,0.00014095156013454733,0.0012454144918836324,1.6180551633121645e-34,0.007755512468923177,4.601167441080427e-12,0.2699302407731693,5.016788527463e-54,0.006727901256297719,0.0707511804327534,0.03754986610699293,0.002139578130473196,0.009699807909913205,5.459245462406181e-05,0.02910835282992151,0.014405761449950998,5.5626144106820204e-09,0.06663062003801358,0.0480256349565076,0.039738890473898496,9.905327455911216e-07,0.0924474716890769,0.008885679910709328
43,0.09532474292370065,0.0012995126100456731,0.0675110508800896,0.0015330310190928454,0.001384722458286761,0.0018366335480911626,0.19649154580934872,0.0016714267416077923,0.004628661767552912,1.2670334039504057e-06,0.0031647106307330663,0.010336045696946499,0.024169771773551525,0.04325671863922646,6.96803186330504e-07,0.13858935337642145,0.09856961092710458,0.00015290307632202105,1.4517366456334697e-06,8.284344853883582e-19,0.24935337773697064,0.005262128758848723,0.012647229068981306,0.032837052614424156,0.009976354369417208
44,0.05423989674473832,0.004071457072286704,0.007946926514056268,0.0908449168393941,0.10768413879500394,1.197132268899278e-10,0.043728485759145015,7.495509667665419e-10,0.08806130285796385,0.00011554194972979287,0.015503715996165122,7.572014692089559e-05,0.03955222458786052,0.006724674642530485,1.2940887891255287e-06,2.6286136478485708e-05,0.22791468361833794,0.0020301138380786118,2.91466393739919e-38,3.756891139013774e-12,0.08825370286217281,0.008278523940459283,8.504899933867425e-06,0.19956953342946215,0.015368354407471608
45,0.00018279851091201343,0.06493390257250264,0.03303324836678549,0.12504314598726612,0.001973482588209982,1.0232044118886487e-15,0.053233607307042075,6.715032487257412e-05,0.05207541293087953,5.6527466344314565e-11,0.022099930711434117,0.0001769296696391743,0.21006566397778603,0.0868188293425287,9.753789886896442e-06,0.002771589467261159,0.08879933973367647,9.330428598818547e-06,8.680491649347192e-12,2.480117120515991e-41,0.0014718388583305714,0.03976925356622848,0.01963937442998157,0.15037893560905463,0.04744648176191408
46,0.024912227215825474,0.0006284213957248217,0.04561783320404753,0.005913925511039327,0.18104094134367857,4.786408417156648e-05,0.013083315230384678,1.6608871458738958e-08,0.3171878559334425,9.02820077643119e-15,0.11542895638466776,0.11108064351446398,0.03100289819148235,0.03333257068572775,0.0008421800452519413,0.01937552232802646,0.0019353807774900318,0.026202795883214475,8.344448921709649e-12,3.0068296462396335e-07,0.012498104210506074,0.044682928923422745,9.205599395869395e-11,0.0078164997916351,0.007368817953551376
47,0.08007100803476776,0.052361315863031506,0.08761479814744391,0.019356014132213037,0.047525733736588235,1.8795479462027643e-16,0.03825353473504595,1.4039506993977917e-20,0.1904920680875496,3.349356654676224e-08,0.008040020039185579,0.01833027708038278,0.1082101933126191,0.015312071146150623,7.10497294939541e-11,4.205809285584804e-06,0.07505489181548292,0.06799451361815685,7.749088983873727e-13,2.9274285399147526e-09,0.07221432885946007,0.0034933766624464456,4.73751464825583e-06,0.009259366410925363,0.10640750850179653
48,0.0460988377635596,0.03821582210251465,0.1358721194749983,0.010417019379745335,0.03244208091678744,1.2294075896209227e-05,0.013221851007492619,1.064641228260104e-43,0.12327222812349067,5.180659024340348e-31,0.06260127922401129,1.7925959184220615e-06,0.08906457835082461,0.00021030202151764524,0.012945488093635514,0.0010901070404685078,0.14436714715251975,0.03827739178678373,0.0008976342453245405,4.0019276223441386e-10,0.0900924092720481,0.061782441132664644,9.343123325919873e-09,0.019826850262376492,0.07929031623410589
49,0.08738989654133086,0.02634353290145239,0.07293892726251043,0.004456883146195388,0.009502160944821727,3.9645408509086394e-11,0.0009086878251824221,1.4092972558187456e-09,0.1294104367001167,2.7860171189840746e-06,0.04173152597103116,0.00026145792269225625,0.25818751353913183,0.01412131956136587,3.365668005628109e-07,0.012643043682164937,0.014769398912790025,0.02388561788853464,4.354542390519864e-15,2.2140857266202206e-09,0.03562493297567889,0.14992170616176562,0.0006111930271959956,0.0821220261613375,0.03516661262774922
50,0.024480639062822364,0.1169120716898465,0.08284441625786339,0.00046485918338221564,0.05029332588108757,0.024207433242402758,0.01502058377264337,1.882954146264086e-06,0.06393737252058902,8.166408085152778e-08,0.11778505201476876,9.793885747392444e-05,0.0007183494558122079,0.21775117098568542,0.02486794296453983,0.0007319496159038589,0.01978247608787739,0.008491919700204678,6.459973281888505e-07,3.51104483558325e-08,0.015288532504457098,0.0739458396184237,0.006752983965122885,0.11224942203753242,0.023373074855557015
51,0.09152829681267127,0.002844011871859269,0.05070113646382326,0.00011466536423866804,0.08521793488810556,1.2128318181022446e-13,0.00965283339683663,6.385144161590715e-15,0.03208347543738577,3.5805185490500565e-16,0.21661267546981317,0.0512944277488308,0.07042404658957277,0.0016580317123715688,1.0234540695665316e-06,0.00017076389847775792,0.12740452726640145,0.05085830214585022,7.068416249237257e-07,4.971840367215324e-21,0.023503071953737107,0.069990123620364,2.9187199641930822e-05,0.000798782825344742,0.11511197503885158
52,0.002364535227112446,0.011941277820213383,0.008332813502067604,0.002971660508356844,0.04748174269515346,3.082461668491443e-06,0.08204034981573045,6.098147558924266e-14,0.006522468822949997,1.4638905845062026e-11,0.08087522206570165,0.1254279057518596,0.04906970294940615,0.0046278494957915145,0.08033446948051551,1.7596454852481445e-09,0.04322752642341791,1.2841668758233854e-05,2.1304795743285177e-12,5.3425443299910476e-05,0.1258100591706381,0.0027021426040844602,0.001563250245515461,0.08518582723137011,0.239451844839913
53,0.0901365470448343,0.033270483267126505,0.03679656843312205,0.08401981720150033,7.749481393393665e-06,2.05931665635879e-06,0.07956690005259393,5.248785873784289e-38,0.15801864498076384,8.784046777816909e-25,0.007674389693677302,0.003991552664065415,0.2979339636114238,0.025063832821681477,2.0947212435207706e-10,0.0120507769000229,0.012270334015276062,4.361373823840909e-11,0.0002383516704694746,4.763504257163605e-07,0.017456471449221828,0.0014683583802467897,0.00020914708242833935,0.005642262583757794,0.1341813127462265
54,0.15495694124946047,0.039652262398800014,0.012923781838643318,0.0735713812153363,0.000672630727502271,0.002594222312400451,0.007396794638229573,1.101572193423123e-10,0.057608075527359255,3.0750491838344273e-07,0.011065238693759569,0.0025875757311194475,0.09409971016844657,0.05405738819955288,0.009020781837778036,0.07937891016913962,0.06398678694180275,0.009871935072903229,6.277018895335135e-06,0.005001830635948666,0.028243340760886464,0.16162467644107162,1.79792985154691e-10,0.11849889493459095,0.013180255691504597
55,0.011385024183812723,6.271475259317919e-05,0.0011081209930898306,0.01615673341323575,0.0007273996454906158,0.00023456988420511913,0.11931434416656779,1.3509569183243527e-09,0.0011225444151358953,4.369080368010983e-07,0.17938606594788123,0.03777036233091142,0.0975848964283731,0.02331184524584568,0.18641801149843779,3.360077185362381e-06,0.03373379684107463,0.07521055431567658,1.0602946787678078e-09,5.15283063358431e-35,0.01218045784231329,0.008014880815589478,7.307231480130359e-06,0.026421919289880264,0.16984465136193166
56,0.03479500487712161,0.0004227705003094298,0.013199855116870666,0.11448154980597389,0.00999730292929463,5.91561083511737e-15,0.006427223825751246,5.27268622876475e-06,0.06592467648920346,1.1394840311052644e-46,0.008191417975440058,0.006722924630046812,0.0694137290947316,0.06988817562004696,0.003136540774707368,0.006228596743829431,0.05686219536899865,2.2162921659143226e-06,2.15634641673171e-13,6.335798661922463e-24,0.001770905122067081,0.05347192668621958,4.165807416428365e-07,0.2162299086667691,0.26282739021326057
57,0.00031262257544178464,9.024697891132963e-07,0.16364030614694794,0.0034153438760456036,0.08920947016233188,0.01194390699552027,0.0012719370237354573,4.778631964789991e-27,0.034622027225489904,5.227329231181605e-25,7.788348842160092e-05,0.00011151483035945683,0.09987720587787288,0.047696645940044635,1.8419397005446503e-05,0.035577869098424794,0.002933167722991789,0.04405539490787385,0.00039679446092553186,2.431099345330386e-07,0.11192344357096526,0.034935250849882124,1.628708067688496e-29,0.17141201850530763,0.14656763176468854
58,0.014514546123757903,0.014025030653181093,0.0008836069549080606,0.001613962376653902,0.04032536104993463,1.4259464281969557e-15,0.278402690208809,3.3984297288251815e-31,0.020090404388981672,1.2828374567099353e-96,0.06176749658034629,0.010782262150934205,0.08967676404364168,0.18750058781501638,3.714976475658183e-08,0.011902626638500743,0.0034098881772043027,0.06020896743959445,5.87880259046623e-17,5.0936122151178364e-26,0.010131440865828404,0.0818354863348099,3.5197439778077853e-09,0.056245796435227466,0.056683041093159726
59,0.009496787301606418,0.03084112991836961,0.03841062536352322,0.00128480920320076,0.016801193607894418,1.9109875995959828e-05,0.0032758878007851083,3.1364426842649004e-20,0.11826440637282475,3.4843701075785264e-26,0.009515225628630487,0.025068669200535975,0.07052803883236619,0.20741621860539963,5.855731361382426e-19,0.00030284043726766947,0.10853515005069266,0.006503314861912034,0.00068970613746899,0.0003402815379405345,0.03344201104716294,0.09190894523024272,0.012759098699804574,0.005806465394412327,0.2087900848919629
60,0.13473035280482687,0.08980483395548841,0.038069765702929095,0.005903000801487293,0.00827842775784785,0.0011018779792656965,0.30923410503964965,3.573657167389748e-05,0.024210629518799598,1.49534231595231e-155,0.0010584116581577325,1.3230375164099298e-08,0.040021287277635514,0.018435665880399375,0.0009880706989276215,0.00023879821000012173,0.0921778333522783,0.014272124901971238,4.0666384635623614e-30,0.0009918729786998854,0.09469726262000241,0.0007529095883654804,2.252790134778957e-11,0.0049015545576349085,0.12009546489105588
61,0.005688415827031066,0.03897357250768433,0.03165647359220168,0.019000129817484092,0.0006291093689666477,4.097575024720325e-15,0.026236607103291332,4.034399294890518e-12,0.34571114024227595,0.0005998113236386866,0.0007380836379306759,0.0037771904960164685,0.023271940857039815,0.09218548744559799,1.3007641743541847e-06,0.042354246250571034,0.0015592478566976492,0.0016937120347367606,0.0036904868153037704,0.00014045660370409256,0.12451832001585066,0.04568111869213738,3.1676630751233727e-09,0.061412075648511665,0.13048106992745237
62,0.2942230744054772,0.009240595387971125,0.04611785227764733,0.011825742351558133,0.006513209472389142,0.0004095477401028569,0.0008533563415322575,0.0018078831493882224,0.10512789769028467,5.729689406790392e-07,0.02551040268875067,5.8053689516899795e-06,0.2918964261020119,0.0037692498264782714,4.212615673125199e-09,9.502160917550364e-05,0.14721846425916973,1.1040311254573924e-06,0.00031043159362785505,0.02285056043003499,0.009678439449022263,0.0028250469177327608,6.929705532966274e-05,0.012024790005751353,0.007625224664930668
63,0.25400866297618246,0.024556628030088786,0.02951269102107127,0.0002887621371381155,0.051013553508589604,0.0005453015350786241,0.006794353499009584,0.0008181536333030225,0.11715125549621762,7.90949366696831e-31,0.03857194750223486,0.055083268786602926,0.07729179776277445,0.10162036724137656,6.125868325846825e-07,0.011294636640982837,0.027373568728969455,0.00017391697225062352,0.07218020282725174,4.3136542668986794e-13,0.03359620946903953,0.023527877392857003,1.1030831649145598e-33,0.012387864421252037,0.06220836783046498
64,0.04985556322855607,0.014751618601888273,0.036709383101166025,0.0007712305879884047,0.09229552170394738,3.844649029874601e-13,0.02104794157532297,0.000675537203158279,0.16865168503519576,1.6122647839411048e-10,0.04473556378787385,0.02133854161420689,0.046117708326238065,0.027030160184535662,1.8419551863399672e-10,7.185992587380906e-06,0.13610276005358493,0.110260115512307,0.12071065881718666,0.0019251249735470204,0.005492744624966093,0.022638484805481394,2.899744792011017e-08,0.004398807177757659,0.07448363374924998
65,0.25252711028011715,0.09589289807403303,0.013507398110364844,0.0023708826843357876,0.17419766796837582,0.0010633473391195869,0.038796511092519644,1.1118841837543642e-17,0.11082394386271853,7.974716617142536e-21,0.024670615102108464,0.005983488691675516,0.1679224174185131,0.03946088784748575,0.01202384766088137,8.089087772232101e-07,0.0007442348252367099,0.0003541484991726158,1.0755775569325983e-06,1.5482198722123064e-09,0.016447075202414684,0.03898785102319178,0.0010244847788437492,0.0019163571571050658,0.001282946347233016
66,0.17375876159166995,0.00856747814895964,0.0526896153378178,0.09509814514219533,0.00014325659805632394,0.0005324685010545913,0.04728441822357651,2.7780090575879163e-41,0.0062444741673772335,4.3559144174681406e-24,0.08733410190605806,0.05035431695959221,0.07935750066026796,0.12525060966126017,0.012593684040463763,1.4291554821033078e-07,0.18752858616130816,0.0016640696460074756,5.491742570325961e-06,1.3937226526325844e-07,0.02090904443947138,0.0037046832895294866,8.229696413705109e-26,0.008075965765327138,0.0389030457296231
67,0.00022436083421850948,0.003989280372436923,0.2599087088869607,0.012954821435546304,0.048067173259391645,0.02102294413319588,0.1909838007422936,0.0009189600965575778,0.00012050154829056204,1.4153076340367474e-63,0.00019600013238771835,0.013663730479988482,0.01940628667351391,0.01830498271587863,0.008955076070406659,0.0007371077195843981,0.011526972033452458,0.1324962352905027,2.6200019717518803e-47,2.4863165958180616e-41,0.02373470235265893,0.05185769507141674,6.967511802855489e-06,0.0780160389833004,0.10290765365621413
68,0.028665632018781303,0.023596019705949826,0.007566351737816886,0.00016925219697889538,0.01786936353542331,4.151153500765651e-08,0.0039202776595947215,0.021393119539671886,0.12495439074630349,3.37530489491785e-14,0.029212240180883715,0.06976835555675945,0.13234537865167792,0.00692352253018662,1.8315471416071747e-05,0.0005049934507835483,0.0046034986698335134,0.003652300002858454,0.0022875262791258954,6.142479301539113e-10,0.06222974153619759,0.04681028793886975,1.1435798388895385e-05,0.19162888116164215,0.22186907350503945
69,0.2746421276156519,0.027384804656507555,0.03475879418691021,0.006540961310742159,0.00826467829757677,4.3404405993440067e-10,0.060897660411592835,6.795479153370362e-18,0.03074950205373551,0.009997477803907034,0.07080098469018907,0.014256439122617384,0.019990628369364206,0.0568067225493426,0.00016285876801582763,0.0016971251202794028,0.1564436870679806,0.00019202657881395565,8.03696265970764e-61,1.4969353942500126e-15,0.015796650747478682,0.1744856401639231,6.310429619731416e-05,0.015682527210308533,0.020385598544819736
70,0.18110834958528516,0.00025681086284605215,0.06082319801908493,0.01912379819780238,0.15525195954731175,0.016057407432218035,0.0333949715843627,1.3862955493846175e-13,0.05043111583049293,2.4460919402679027e-19,0.004168582779799848,2.041100271178242e-05,0.0025515877237435184,0.032780854325906855,0.0002714806752991643,0.0013336430880117485,0.04962221770212894,3.7238853801476e-05,1.1386411590700314e-19,4.46408916623341e-06,0.001748207873941694,0.04461933035393514,2.9928141315561215e-08,0.1795316698588408,0.16686267068502897
71,0.17170734054010958,0.049472457286239245,0.04194006902499866,0.0015047777806470393,0.12453376508471949,3.001571696774332e-11,0.04661507516297308,2.5277410839493193e-08,0.014583714792968688,1.617937698380164e-12,0.1359978629657424,0.026565300935645512,0.04514102643392884,0.021961113388125265,0.014303646165883836,6.382173932352571e-05,0.03627510342385504,6.460716460282104e-08,0.000922600122901545,1.954672246449427e-15,0.027241379565065373,0.1520261133572593,0.004873471251729315,0.005542258366207451,0.07872901269546581
72,0.17625293600262915,0.03456585500949528,0.013213987703560654,0.003532283037914744,0.0016121577198463567,0.0029026269572919074,0.0038452307659622197,7.327492506622767e-29,0.13189388781121383,1.824797713850258e-26,0.17576649030618188,1.5732688173390032e-07,0.009102951174631018,0.08235536653125707,2.6003132510643187e-05,0.002492386579132952,0.001418838939748557,0.002941324354055557,7.209164581056547e-08,2.240628222574792e-05,0.2589101652299228,0.07267852693402585,3.7205332897560085e-07,0.004228589150633728,0.022237384905903892
73,0.008403643767388988,0.0011253133551421663,0.011407190381900863,0.07140802178986135,0.11338846960013241,1.3205768809980854e-09,0.26156881183055936,4.047020764270447e-07,0.02303624577226307,2.6350097955309668e-20,0.135323445992535,7.817968506068945e-08,0.01984069402484608,0.07105184106343447,0.004914401179844083,0.03302730666668061,0.009635838612755705,0.003971200862663025,1.0085069707781785e-06,3.7012555418897566e-14,0.08276572245023606,0.006980835754008264,0.00013186342159127805,0.1360842873100556,0.005933373454755758
74,0.0323072969183662,0.0021842850683791216,0.1364749920172622,0.0023805421602818857,0.00837119510778705,0.05488337868257651,0.012538739506871194,2.779848884473331e-06,0.15259873972365096,0.013246734481578813,0.06908338789911463,4.9082588441716185e-06,0.04717374164722996,0.05705296641811463,0.007752699375714305,0.013073845519461691,0.013105880728323197,0.007497485030654839,8.017323273697302e-06,7.757571302379829e-11,0.03932001242052753,0.01590449020092072,0.006773673578844186,0.25738084619059115,0.050879361815171
