"","0","1","2","3","4","5","6","7","8","9","10","11","12","13","14","15","16","17","18","19"
"0",6.27347593187717e-05,6.27347593452163e-05,6.2734759320563e-05,0.412273122744115,0.050063690696827,6.27347593205306e-05,0.00647134352244634,0.0148529206455908,6.2734759363485e-05,6.27347593205632e-05,6.27347593205182e-05,0.0828602467203608,6.27347593152231e-05,6.27347593035613e-05,6.27347593205599e-05,0.382798413699253,6.27347593205926e-05,0.0498647101001939,6.2734759320563e-05,6.27347593228247e-05
"1",0.0190012323988012,6.08023386807052e-05,0.000447485577702208,0.161201368012125,0.125502350505429,6.08023386781159e-05,0.167895497944217,6.08023386781121e-05,0.0228796425463408,6.08023386839345e-05,0.148261935661614,0.194415557000443,0.0409163507857907,6.08023386836398e-05,6.08023386781136e-05,0.107806713446644,6.08023386794485e-05,0.0111246450729039,6.08023386781158e-05,6.08023385487485e-05
"2",0.282306260498869,8.46246791987452e-05,0.00647665606433112,8.46246791626618e-05,0.0566425238183164,8.46246791626619e-05,0.0170324774242644,0.0573450883964306,0.126360302606819,0.0163681972106858,8.46246791626596e-05,0.192813314412566,0.106767518458867,8.4624679162657e-05,8.46246791626597e-05,0.000376474637597107,0.0761046889714308,0.000578064625026402,0.0046862572961664,0.0556344275036173
"3",0.180575013059681,4.27817831597866e-05,4.27817831464863e-05,4.27817831471691e-05,4.27817831538541e-05,4.27817831464841e-05,0.270521579730324,4.27817831464919e-05,4.2781783146488e-05,4.27817831311083e-05,4.27817831464781e-05,4.27817831464962e-05,4.27817830711881e-05,4.27817831486344e-05,4.27817831464856e-05,0.0367845192277897,0.135955081174809,0.0903150169520174,0.285249844890029,4.27817845122123e-05
"4",0.476868415845378,2.90116803287953e-05,0.0264456555955618,2.90116803246584e-05,2.9011680325554e-05,0.385533763663182,0.0560553239303846,2.90116803255694e-05,2.90116803300767e-05,2.90116803255554e-05,4.15138567455059e-05,0.00415263255598314,0.0255937467591214,2.90116803255552e-05,2.90116803255564e-05,0.0249608076282457,2.90116803255556e-05,2.90116803255525e-05,2.90116803255594e-05,2.90116818092269e-05
"5",0.0386448193790165,0.0514361897918589,0.128608298600848,8.20469591391787e-05,0.244881982460847,8.20469591378979e-05,8.2046959137901e-05,8.2046959137901e-05,0.0410852697220093,8.20469591451667e-05,8.20469591378983e-05,0.119332990666477,0.0240519786041435,0.166104558975031,8.20469591379014e-05,0.0242811879972753,0.073681203420167,0.0871530977344649,8.20469591380891e-05,8.20469747488676e-05
"6",0.21435132591761,0.0158738051554332,0.0229266488050534,6.1027403927844e-05,6.10274039281476e-05,6.10274039281504e-05,6.1027403928156e-05,6.1027403928148e-05,0.179183428513187,0.0216177186387411,6.10274039281478e-05,6.10274039281475e-05,0.00143773799714187,6.10274039281426e-05,6.10274039281474e-05,0.0562406512381664,0.146357015757703,6.10274039281476e-05,0.341340366536413,6.10274012705818e-05
"7",0.108685072044859,3.04425596794742e-05,0.0996996851823449,0.0251315202066482,0.212233560544652,0.273799359071813,0.0433712323771975,0.00686286162376908,3.04425596373387e-05,3.04425596266969e-05,0.0375872108360624,0.0258897228239467,0.0762129398757485,3.04425596158196e-05,3.04425596316207e-05,0.0359422822032166,3.04425597035638e-05,0.0543410127345345,3.04425596316186e-05,3.04425576812847e-05
"8",0.00332392469083914,0.00198680174467661,5.80154126623428e-05,5.80154126623431e-05,0.202772132008621,0.211880711361657,0.055382360312335,5.80154126623417e-05,0.0839326118605375,5.80154126584817e-05,0.0595665997450167,0.085799335646708,0.0621644832130044,0.081361351403139,5.80154126623426e-05,0.143726611397485,0.00763895331469544,5.80154126623443e-05,5.80154126623417e-05,5.80154126514832e-05
"9",0.135005822955337,5.88798284380118e-05,5.88798284147263e-05,0.0193180326521849,0.0559830581890115,0.18012097827529,0.299380586106215,5.88798284114084e-05,5.8879828413075e-05,5.88798284050205e-05,0.0471722399792295,5.88798284114078e-05,5.88798282106434e-05,0.00302433170175877,5.88798284291583e-05,0.00545372833258403,0.0758647214418141,0.0529630348419281,0.0902176725523083,0.0350247543452051
"10",6.38226461444448e-05,0.15194422245399,6.38226461450212e-05,0.178892628632505,0.389725177053406,6.38226461450174e-05,0.0063548269853423,6.38226461449877e-05,6.38226461450234e-05,6.38226461192984e-05,6.38226461450322e-05,6.38226461450201e-05,6.38226461637209e-05,0.130991211438951,6.38226461450213e-05,0.141198416389838,6.38226461450203e-05,6.382264614502e-05,6.382264614337e-05,6.38226460929923e-05
"11",0.456554171319693,5.04650162131601e-06,0.0224241301568184,0.23907810243014,5.04650162446786e-06,5.04650162448495e-06,4.60307201138825e-05,5.0465016243369e-06,0.162809245238726,5.04650163440519e-06,5.04650162447255e-06,5.04650162419799e-06,0.0132879501428253,0.102506626451873,5.04650162446079e-06,5.04650162427459e-06,0.00323318551752223,5.04650162446185e-06,5.04650059076326e-06,5.04650544619147e-06
"12",0.0289907541397582,4.13890424920842e-05,4.13890425326587e-05,4.13890418322358e-05,4.13890425448759e-05,4.13890425326507e-05,0.535185848177332,0.0907564340285298,0.0191776463551291,4.13890425326547e-05,0.00653137929016312,4.1389042532655e-05,4.13890425910751e-05,0.122735621462165,4.13890425326549e-05,0.186419294953069,0.00573664008236842,0.00401110204418496,4.13890425326603e-05,4.138904264378e-05
"13",0.112354411766302,0.0043875532888936,5.93278379047555e-05,0.0266782582476959,0.20177604582364,5.9327837929748e-05,0.278891783522697,5.93278379272041e-05,0.0480362814735822,5.93278379423652e-05,0.000114654739775287,0.155091430774836,5.93278372020005e-05,5.93278379272008e-05,5.93278379272018e-05,0.0752617034233747,0.0584559473469071,0.0381337398004455,5.9327837927199e-05,0.000343567089162885
"14",0.07931876387618,0.000681533708286757,0.0606085128095357,0.0137492052113276,5.85738906086398e-05,0.000100870075385695,0.193029199896798,5.85738906086465e-05,0.00864227384262559,5.85738906089334e-05,5.85738906086429e-05,0.0730546813362355,0.128918691935453,0.0382651032718908,5.85738906086403e-05,0.152801262769774,0.00359238514751581,0.23110860676828,0.0157774660073302,5.85738903382899e-05
"15",0.0343355346718112,0.00016132796409115,0.0629397583644934,2.97117228340128e-05,0.0754047139073521,0.0856642745358513,0.403713956407382,3.32974769655755e-05,0.0118772863778466,2.97117228507414e-05,0.0935148280740983,0.107873733650017,0.0349844250653156,2.97117228411453e-05,2.97117228551518e-05,0.0825672975000547,0.00666683010413613,2.97117228340167e-05,8.44655640127482e-05,2.97117223574596e-05
"16",0.039214176964938,0.0458217454830861,0.00753772466189783,0.148045055646674,0.021492069909821,8.39154206379786e-05,0.224604569552319,8.39154206379786e-05,0.153272595974096,0.00147716717811769,0.0493340854545787,0.109036210411484,0.0902802743278203,0.0135029156056152,8.39154206379788e-05,0.0126184214082318,0.0206688505165251,0.0601767994647928,0.00258167575745039,8.39154206385919e-05
"17",0.0789767194050934,0.0895968330506767,8.49510577152506e-05,0.0161388746091983,8.49510577066318e-05,0.0317442015522436,0.0843578168509485,8.49510577066265e-05,0.189438219156818,0.00500841678620454,0.0314405109533092,8.49510577066311e-05,0.129037393212346,0.0254823385632502,8.49510577066329e-05,0.170462518266121,0.0577823688541441,0.0611013290963096,0.0081266119336855,0.0208810924211095
"18",0.0588140344661891,0.045328831774115,0.0364643249174187,0.0788272587081306,0.011968994606819,0.0242053996702792,0.19243751278436,0.0189639290694485,0.0858342661247699,0.00103453365840761,0.0231651987456381,0.0927502642966448,0.0476782501463438,0.0391944740561041,5.79530621223762e-05,0.147297781761608,0.0104882014522974,0.0396984114270188,0.04573242620966,5.79530626254519e-05
"19",2.0395432048926e-05,2.03954320440876e-05,0.0245033182127783,0.0767122831202176,0.0699831242674388,0.017760251292459,0.00844559015310999,2.03954320489273e-05,0.033342257133486,0.00827359059043525,0.0111974210145818,0.398693089736541,0.123252813695263,0.115903519355199,0.00293116830804467,0.100316750758271,0.00856244977133365,2.03954320489279e-05,2.03954320493375e-05,2.03954306007384e-05
"20",0.0762516065865197,0.0582824802898001,0.113269388001635,8.86185014211772e-05,0.151156007953875,0.0487119768032862,8.86185014211785e-05,8.86185014211921e-05,8.86185014211722e-05,0.0331258503336972,8.86185014211318e-05,0.126628263658105,0.079111567561395,8.86185014330962e-05,8.86185014211776e-05,0.221455891798843,0.0844473405035009,8.86185014211775e-05,0.00676205999656883,8.861850139316e-05
"21",0.0808940526132275,2.83099227324531e-05,0.0286094629116033,2.83099227486356e-05,0.0879716114355382,0.121039919504655,0.125927596044198,0.00170120406381842,2.83099227486356e-05,0.0344926386709537,0.137511230050698,3.12867578761151e-05,0.0240483011168006,0.0508931500860612,0.00195881292819231,0.0808750747307413,0.0344506350988613,0.137486979694516,0.0519948046024858,2.83099215430697e-05
"22",0.00331642864999113,1.39985381965689e-05,0.000488820193045821,0.139013585596679,1.39985381967738e-05,0.0877090264898423,0.402719634959732,1.39985381967744e-05,0.196348884023802,1.39985381969526e-05,0.00725519396189374,0.0219289160591464,0.00605260321340857,0.0362159412776095,1.39985381967742e-05,0.0911110072324356,0.00350544063724965,1.39985381967742e-05,0.00423652793889575,1.39985370874813e-05
"23",0.116149784614707,0.0618473957170831,0.0459728272631821,0.0268397879319334,0.0575034424820848,0.218609215920645,0.0705904692992418,9.17685662450152e-05,9.1768566245023e-05,9.1768566246257e-05,0.000115458188642686,0.188421616532331,9.17685662395728e-05,0.076233304215209,9.17685662436213e-05,0.0800075845696236,0.0204737540375131,9.17685662450287e-05,0.0365929792633942,9.17685669446074e-05
"24",6.28124526918239e-05,6.28124530063443e-05,0.0420567217866976,0.222444715137475,0.000400952480881916,8.10981059924694e-05,0.364796496979399,8.60725646722511e-05,0.0241743019810836,6.28124529937792e-05,9.60157611062784e-05,0.238118198957701,6.28124530048883e-05,6.28124530152545e-05,0.00535860754437887,6.28124530432522e-05,6.28124515313925e-05,0.0965311454927345,6.28124529955111e-05,0.00535317358559571
"25",0.430201348795291,0.102758004878459,0.0296260572617103,4.34374474047645e-05,4.34374453639173e-05,4.34374474038042e-05,0.290132945235529,0.00214449370140531,4.34374474038781e-05,4.34374474016871e-05,6.67037164743343e-05,4.34374474038346e-05,0.0748224750443559,4.34374475092658e-05,4.34374473991148e-05,4.34374480369276e-05,4.34374458130143e-05,4.34374474038516e-05,0.0696962692230913,7.38902251401659e-05
"26",0.1533645961925,0.0236969856746101,5.95564726612329e-05,0.156262228461392,0.118734151707658,5.95564726612326e-05,5.96763763191801e-05,0.129830536668945,5.95564726612326e-05,5.95564726555169e-05,0.0874377679006291,0.023667917427861,0.030690445329621,5.95564726697084e-05,0.000738236419009906,0.0669354689454063,0.140052873002845,0.0675344228421639,5.95564726612311e-05,0.000637354215069323
"27",4.26540092360179e-05,0.0377478257316993,4.26540092076354e-05,4.26540092373618e-05,0.0529209979731381,0.434930675536581,0.404966016035048,7.75090065577434e-05,4.2654009290395e-05,4.26540087708663e-05,4.26540092373713e-05,8.23261615956332e-05,4.2654009320463e-05,0.000995066051798803,4.2654009261981e-05,4.26540092209321e-05,4.26540093236269e-05,6.42363994222094e-05,4.26540092373606e-05,0.0677461530028144
"28",0.0420362452749457,6.2082138411592e-05,0.0552288136171649,0.0612031756835479,0.210189261497252,0.0612755989597453,0.232329587102183,6.20821388581515e-05,0.00513781340386703,6.20821388640741e-05,0.0056899819067828,0.122067125064894,6.20821389665752e-05,0.00675466827275653,6.20821389174924e-05,0.014403923301714,6.20821388994528e-05,6.20821388581581e-05,0.175620926743998,0.00762830419937279
"29",6.05739816451369e-05,0.0179661955591018,0.200327925523449,0.0651468269081714,0.133148831808296,6.05739816451371e-05,0.329027536796965,6.05739816451359e-05,0.160894670262148,6.05739806125758e-05,6.05739816451361e-05,6.05739816451341e-05,6.32179499333144e-05,6.05739816451327e-05,6.05739816451366e-05,0.0183993659908024,0.0487278521868197,6.05739816451362e-05,0.0256918371924303,6.0573988108981e-05
"30",0.0801355343108524,0.0312130622175839,0.0955925772336138,0.0444851836486982,0.144071875532319,6.14328841853228e-05,0.0949290414362179,6.14328841853343e-05,0.0302392187831485,6.14328854407401e-05,0.165315806635981,0.162687093996504,0.0122250338208082,0.013668709716575,6.14328842094126e-05,0.058263186794467,0.0105930168435011,0.017597222208301,0.0386762723997717,6.14328836371285e-05
"31",0.158358515424644,8.57392360497164e-05,0.0420926595787808,8.57392359722062e-05,0.027846490089913,0.0597723761068021,0.179258582659863,0.169804359194206,0.104478208672495,8.57392359685869e-05,0.000160505633351755,0.0568050164810181,0.0482070925077126,8.57392359722058e-05,8.57392359722062e-05,0.0672242075284801,0.0853060722348817,8.57392359722062e-05,8.57392359722059e-05,8.57392359725556e-05
"32",0.0238856243424382,0.00257619863094226,0.000124111085631686,0.140949330083241,0.0543238067310118,0.136449509127549,0.086757918681324,0.000124111085631694,0.0943697134762075,0.000124111085627566,0.00355850452764151,0.12951426127737,0.109728565529201,0.0478201481373231,0.000124111085631687,0.140671248242507,0.0232501254644862,0.000124111085631686,0.000124111085631686,0.00540037923497051
"33",0.0703393169956451,0.0143244561184576,8.54039992819882e-05,8.54039992599127e-05,0.0402282412665458,8.5403999259914e-05,0.110249785183432,8.54039992599125e-05,0.0371718386144464,8.54039992662291e-05,0.254691980091273,0.0582341429567977,0.0449785425656607,0.169184128668388,8.54039992599133e-05,0.0375438960770552,0.0649026586878311,0.0108987231771204,8.54039992599111e-05,0.0866544616024991
"34",0.240166549293426,0.0186205035843007,0.0287116995354941,0.00706886772634953,0.0834802616208354,8.58241665236562e-05,0.0105129564982398,0.10956693388903,0.0326624977235263,8.58241665286986e-05,8.76276955657956e-05,0.000128331004339335,0.0580860157872123,0.197314206128188,8.58241665236515e-05,0.0136851612624164,0.111576038960114,0.0879032284618121,8.58241665236524e-05,8.58241630499756e-05
"35",5.90013480404099e-05,0.00166217978735829,0.0233461431864459,5.90013480393548e-05,5.90013480304479e-05,5.90013480404062e-05,0.179520952005572,5.90013480404016e-05,0.293705660951099,5.90013480324392e-05,0.137398900218808,0.0833927188551801,0.0379599327711819,7.9321765239875e-05,0.000153399683382346,0.16241381467847,0.0798359639594543,5.90013480404096e-05,5.9001348040406e-05,5.90013535037893e-05
"36",0.0374620507676634,0.0314105763169104,0.0606908251019611,0.000121337530267579,0.00863764411794624,0.0265618261330006,0.414785216863377,0.03236951649081,0.00012133753027295,0.00242407189481759,0.000121337530272951,0.000121337530272949,0.0508411629313246,0.072605224086394,0.001790945229746,0.0701007340414947,0.101126324377502,0.022387718502452,0.0467016241630681,0.0196191888604461
"37",0.0212669969211899,2.93622034950322e-05,0.0869246641031973,0.0887636932299554,0.00518649011935115,0.141389507045248,0.130927752582918,0.0408618437739561,0.0570141375626921,2.93622013822116e-05,0.129409259107937,0.0571365503306432,0.024937580871703,0.0104652886757532,2.9362203894553e-05,0.205510700250238,2.93622038945044e-05,2.93622038945491e-05,2.93622038945522e-05,2.93622047627111e-05
"38",0.156085069319593,0.0821693972994425,0.0236693812472884,0.33969052892475,0.0539157429616213,0.141666806537952,0.100819943237651,5.96167237271566e-05,0.0202356778122065,5.96167237372806e-05,5.96167237271541e-05,6.27350326305775e-05,5.96167235238551e-05,5.96167237291488e-05,5.96167237271538e-05,0.0636480724128102,5.96167257812525e-05,5.96167237271515e-05,5.96167237271495e-05,0.0175000946986484
"39",8.45689954648914e-05,0.0360024963742537,0.0815353436584905,0.132029230482331,0.0108890135328553,8.45689954702791e-05,0.295137048531985,0.087112531337322,0.0516052002592903,0.00297961658528637,8.45689954702851e-05,0.061414351581162,0.025569478871456,8.45689954693238e-05,8.45689954702814e-05,0.119664061117905,8.45689954898695e-05,0.0953850757040281,8.45689954702744e-05,8.45689953286083e-05
"40",0.0264710214906873,6.0223162668856e-05,0.00623679310972875,6.02231626858174e-05,6.02231627055368e-05,0.200859177647089,0.375637629159925,6.02231627055421e-05,0.0569430279647491,6.02231627091283e-05,6.02231627055384e-05,0.0278239477871131,0.0743665147786274,0.10477778036434,6.02231627055372e-05,0.0971375652102838,0.0283507376996712,6.02231627055361e-05,0.000853796324643625,6.02231615502249e-05
"41",0.0138229847855514,5.81836993700244e-05,0.055773145021173,5.81836994118966e-05,0.0193894697734439,0.0323168508132336,0.488527986217272,5.81836994112471e-05,0.0186064626414035,0.0271481530418372,0.0331452456019256,5.81836994112498e-05,0.124167604095291,0.0587498116150087,5.81836994112483e-05,0.046717293761225,5.81836994134129e-05,0.0707293630704251,0.00702589523154148,0.00353063213423947
"42",5.9667842887075e-05,5.96678429142745e-05,0.00441446844517298,5.96678428870704e-05,0.0786532731698217,5.96678428870731e-05,0.383811942270727,7.36802107410182e-05,5.96678428870694e-05,0.00441764759913391,6.09613280626932e-05,0.349130713619203,0.125304001847322,5.96678429218961e-05,5.9667842887071e-05,0.04861654760208,0.00492008547882524,5.96678428870678e-05,5.96678428870747e-05,5.9667842864171e-05
"43",3.01249410304988e-05,3.0124941532776e-05,3.01249410303559e-05,3.01249413634589e-05,3.0124941030374e-05,3.01249410304282e-05,3.0124941030324e-05,3.01249410274483e-05,0.885934833199535,3.01249410303758e-05,3.01249410303798e-05,3.01249410304442e-05,3.01249410303784e-05,0.100968589114906,3.01249410303762e-05,0.012584453686149,3.01249410304262e-05,3.01249410303692e-05,3.01249410303784e-05,3.0124942091718e-05
"44",0.0936834871550304,0.0494872773997032,4.01823507735222e-05,4.01823508126022e-05,0.0663522643902582,0.100875121036931,0.583941678803754,5.21917364967406e-05,4.01823508125586e-05,4.01823508129769e-05,4.01823508125179e-05,4.01823508125644e-05,4.01823508503119e-05,4.01823508035373e-05,4.01823508125583e-05,0.0796143763443597,4.01823528082886e-05,4.01823508125667e-05,0.0255114149217106,4.01823508315305e-05
"45",0.0696881356048272,2.96824880156836e-05,0.00445500448356744,0.0628080503520683,0.0122997426864369,0.0175486734199431,0.214789930334731,0.295683955631097,0.0431893081999153,0.00222690320299403,2.96824880253584e-05,0.0397087231325994,2.96824880492636e-05,0.0824149323766935,0.00129031018071827,0.0894559366691619,2.96824880186179e-05,0.0641448578606247,0.000147123426466073,2.96824860471788e-05
"46",0.0467948370787095,0.0517430455825241,6.11523956730495e-05,0.0370825362731114,0.0334470446557369,0.350287058120018,0.0203325565640059,0.0765628795883644,0.0366123790124119,6.11523957002389e-05,6.11523956940604e-05,0.112163666748588,0.0383150658086666,6.1152395693177e-05,6.11523957002335e-05,0.0686145500809661,0.118723581957965,0.0077671775437816,0.00118670661161311,6.11523950770905e-05
"47",0.0496532670339916,2.96148401476563e-05,2.96148400436529e-05,0.148541987845019,0.0654618682007753,0.120167809432707,0.0650807988243603,0.106240795513225,2.9614840026142e-05,2.96148400296968e-05,0.0453678826840029,0.133515484112185,0.0293336605994072,0.0931150436853437,2.96148400288434e-05,2.96148400261414e-05,0.116157443378049,2.96148400261398e-05,0.0271270399681196,2.96148424873851e-05
"48",0.0626670203742703,4.01686596111386e-05,0.00490530121453851,0.254524179533889,0.0914162171747743,0.192356596668324,0.215376890133256,4.01686596264108e-05,0.0555913516709869,0.00261060358424256,0.00834358363168265,0.00887209915868362,0.0264818817592793,4.01686596286093e-05,4.01686596405833e-05,0.0204163893613209,0.00427885279801916,0.0185718068784476,0.0333863827600465,4.01686597320549e-05
"49",0.0652137979826449,0.0515481697489406,0.0892125262727138,2.9022374487694e-05,2.90223744824297e-05,0.00429454887319307,0.147197868703014,0.229544056553242,0.130641320361069,2.9022374484618e-05,0.0413365336953066,0.0718676959045253,0.0253093757688808,0.0426847259788825,2.90223744900375e-05,2.9022374498567e-05,0.056211940154754,0.0149155828816735,0.0298477228832663,2.90223654505547e-05
"50",0.000345353756699611,0.000126638152988756,0.0693242061411971,0.072638631066868,0.00713856458019167,9.32803472713162e-05,0.271138005493421,0.227824797047664,0.105626307040166,6.10857256685057e-05,6.10857256588789e-05,0.0834983247376177,0.0165037354636144,6.10857256560769e-05,6.1085725658879e-05,0.10092075177999,0.0159287983897824,0.0285260916484794,6.10857256564205e-05,6.10857257502441e-05
"51",0.00695026611864727,0.0442925074111568,0.103389380859009,0.035556657248049,0.0836986260951118,0.33338010730286,0.142466828301659,4.80797727474364e-06,0.0485675080940458,4.80797727243123e-06,0.0383602197720516,0.0268213168262417,0.0205113430337441,0.0091230134635158,4.80797727474088e-06,0.0600559564502397,0.0315411853623645,0.0152575266271578,4.80797727473351e-06,8.32512504935988e-06
"52",4.21592937210225e-05,0.0226079883418361,0.0587883349268422,0.0879124506284968,0.149866523239894,0.252342133441503,0.0474897514908416,0.0296990927350667,0.0769140539067603,4.21592938221709e-05,0.0379694975705243,0.00648800453784922,0.0378299356856062,0.0494342653247547,4.21592937210225e-05,0.0574785969867299,4.21592937202319e-05,4.21592937210241e-05,0.0100384233287375,0.0749301513858524
"53",0.0833883120262122,0.06369273421756,0.0464540995316206,0.0617229766824265,0.0536324430572571,0.202916729296336,0.0205493220402029,0.000118787507965785,0.000118787507965786,0.000118787507945912,0.0426925993412361,0.000118787507965785,0.0270876643918696,0.0427738094726786,0.000118787507980061,0.0457585305383703,0.0129224175211058,0.0252073610606435,0.00705372465804712,0.26355333862461
"54",8.40976778429508e-05,0.0139709030168825,0.00878233277851217,0.0788592153809823,0.0969032074660746,8.40976778429504e-05,0.296425131596721,0.0634569056432487,0.0188486334568481,0.00187462624112491,0.0154734975141781,0.0414326790887129,0.059805623347933,8.40976778545157e-05,0.00126329994860811,0.0876211220563225,0.0746136919201043,8.40976778429512e-05,0.140248642154401,8.4097677962294e-05
"55",0.260301255044663,0.0268296980534786,0.0414243787257718,0.0214625846500954,0.14965715873488,4.20337152816262e-05,0.16397153117102,4.20337152816755e-05,0.0116646519437931,4.20337152780552e-05,0.108971150315205,4.20337152816273e-05,0.0403649718751573,0.0659049456289043,4.20337152816263e-05,0.0369734792922152,0.000918174118873493,4.50487896880185e-05,0.0712587693664117,4.20337134390235e-05
"56",0.0556043420223348,0.0034228388510869,1.44234890708089e-05,1.44234890684308e-05,0.00565548316541988,0.116138897156914,0.0800625409837578,0.201962346810719,1.44234890682147e-05,0.00523863045701136,0.0837941457284705,0.1852844746413,0.0461513102798707,0.148702301082826,1.44234890659987e-05,1.4423489075229e-05,0.0351052293819799,0.0327764950153222,1.44234890682142e-05,1.44234885699761e-05
"57",0.137815470145359,0.0177700391891084,0.00757775594389567,0.0655049013752233,0.139041152174615,0.000272776164924484,0.0806529292759062,0.00423428676042184,0.134973937064657,0.0136582866391729,0.144452304716461,0.0548011246640014,0.0475162839114091,0.0391891697445881,5.70438882911472e-05,0.0275428711583651,5.70438882802896e-05,0.032719916531094,0.0521056628791042,5.70438851213834e-05
"58",0.100301417423573,0.0189329817282569,0.0460103976086352,0.0235212917864426,4.93256198397859e-06,4.93256198390774e-06,0.34700825190339,4.93256198390773e-06,0.0917124290785365,4.93256198389063e-06,1.5953831744088e-05,0.0275981590484291,0.0200072762827364,0.00182909496556544,4.93256198390757e-06,0.0800311689934861,4.93256213937102e-06,0.169877799647722,0.073111523384109,1.2658945314175e-05
"59",0.0849963567872248,6.05843049189508e-05,0.159042162704938,0.0665814198723502,6.05843146632499e-05,6.05843146632481e-05,0.100411717044065,0.0252171500020075,0.219890677134724,6.05843146446128e-05,0.0393915830876626,0.059220953823602,0.0853603270884947,0.0268492823228614,0.00103602867893788,0.10805951247635,0.0056005635336759,6.05843146632502e-05,6.05843146632498e-05,0.0179787595648897
"60",0.0715180435465123,0.015751687258187,0.0515969711248769,0.0157792847278383,0.0953958316638964,0.0930162083683472,0.00759584645930037,0.0110032775975472,0.0781061971355556,1.43849838013915e-05,0.0933726873553343,0.32167378310591,0.0723473189091453,1.43849847733641e-05,1.43849847796335e-05,0.0445563417320557,1.43849847739267e-05,1.43849847733642e-05,0.0282002111012583,1.43849913336223e-05
"61",0.0716737694386808,0.00141089916896482,0.0105681221938396,0.0337316057903635,0.156842633565069,0.1433760552604,0.204716408289686,0.0074683898892878,0.113666514520475,8.44088519994449e-05,8.4408851999329e-05,0.0545675441625517,0.00879230506797698,0.0315443605817243,8.44088519993331e-05,0.0293543718723595,0.02293291760142,8.44088519993338e-05,0.0122759778582278,0.0967404893309765
"62",0.0252752034929297,0.00516330997644067,0.0276544330016547,0.0754451094466831,0.150188541319006,8.35559072499284e-05,0.251042396574488,8.35559072499308e-05,0.116983581959749,8.35559072049727e-05,0.0648657008188377,0.0222925044289111,0.00785626337020823,0.0269552354838899,8.35559072499306e-05,0.0777766562963598,0.0191024485146691,8.3555907249929e-05,0.128897279872713,8.35559072558148e-05
"63",0.275520327211032,1.98691977728032e-05,1.98691977627524e-05,0.2604514901463,1.98691978805155e-05,0.19120989218462,0.038236151054197,1.98691977572573e-05,0.129494795540724,1.98691977573815e-05,1.98691977572534e-05,6.15761517667457e-05,0.0796096708571406,1.98691977572507e-05,1.98691977572531e-05,0.0251662396325891,1.98691977553329e-05,1.98691977572522e-05,1.9869197757254e-05,3.12960461587167e-05
"64",0.0214475931393769,4.24410569893864e-05,0.0587561143908594,4.24410569852593e-05,4.24410569998714e-05,4.24410569941414e-05,0.12130515075155,5.61587477062186e-05,0.281589481258822,4.24410569887885e-05,0.0230124069290095,0.472939682143069,4.24410569941378e-05,5.91529648369499e-05,4.24410569941344e-05,0.0110759208406344,4.24410569704105e-05,4.9999573255146e-05,0.00619904289073797,0.00316976791422687
"65",0.126823982077785,6.06724508144872e-05,0.00334967117314368,0.0807652999733089,0.00811544435699734,6.06724508063276e-05,0.115656440722507,0.362645135440752,0.0041749164469624,0.00514359214829561,6.06724508064972e-05,6.06724508064955e-05,0.0369540624287063,6.06724508157535e-05,0.00357600371976491,0.178735056936244,0.00672767232130716,0.066908015098578,6.06724508064984e-05,6.06724507918656e-05
"66",4.27787193763714e-05,4.27787193431697e-05,4.27787193957013e-05,0.112474118474611,4.27787193763745e-05,0.0579527988900026,0.494258767309938,7.62291683283746e-05,4.27787193954643e-05,0.00650171825243147,0.0324810031017948,0.104139343036852,0.074464828640476,4.27787193313467e-05,4.27787193786861e-05,0.0818897893924057,0.000280786209804357,0.0172009216946602,0.0179374660737215,4.27787193769884e-05
"67",0.10384638517844,6.59371253225844e-05,6.59371254542365e-05,0.364371207840354,0.162575990132637,0.229034590611482,6.59371255279941e-05,8.1425819209568e-05,6.59371255785897e-05,6.59371254848417e-05,8.62891404034086e-05,0.0558486516248385,6.59371253886035e-05,6.59371254072436e-05,6.59371255103771e-05,6.59371255460063e-05,6.59371252700866e-05,0.0416635121959072,0.037025543923808,0.00480703227842998
"68",5.90760039252047e-05,5.90760039260438e-05,0.00238787683352011,0.210862071502334,0.00914313122668635,0.313923954369175,0.07201048743729,0.0457387397796479,0.0187802369948071,5.9076003914458e-05,0.175926107493215,5.9076003925249e-05,0.0101050629853047,5.90760039131763e-05,5.90760039252375e-05,0.130399683653067,5.90760039118447e-05,5.9076003925239e-05,0.0101909636908423,5.90760027439219e-05
"69",0.0448038075803471,5.73829335362859e-05,5.73829335130751e-05,0.108646399372403,6.76341972824716e-05,0.101843593204105,0.346259562044976,0.00982982032130636,0.0824493196600295,5.7382933981367e-05,5.73829335190531e-05,0.138927182974815,0.00963856741114074,5.73829335190507e-05,5.73829335190511e-05,0.0511597176695371,0.0464953548580987,0.059419977237012,5.73829335190569e-05,5.73829338404576e-05
"70",0.110586180481261,8.75145630979791e-05,0.075493031818362,8.75145630724033e-05,0.227096501004101,8.75145630724046e-05,0.182389737463608,8.75145630724037e-05,0.159929445656012,0.00514411627012969,8.75145630724088e-05,8.75145630723999e-05,0.0500971768169966,0.0844147064774933,8.7514563072405e-05,8.75145630682692e-05,8.7514563066534e-05,0.0467125964257034,8.75145630724054e-05,0.0572613619555944
"71",6.24098413905938e-05,0.00169346082391371,0.0508352571117465,0.0259419033366402,0.190606578646421,0.018609001991695,0.136105468139461,0.318473710318874,0.0243760260893312,6.2409841382885e-05,0.0582719418308925,8.23050665264277e-05,0.0767585134437873,0.0495097241064283,6.24098413905934e-05,6.24098413979196e-05,0.0482992402045342,6.24098413905948e-05,6.24098413905903e-05,6.24098414057217e-05
"72",0.0512778892945659,0.067162199440376,0.152602087633136,0.0060041981409165,0.0135167966902621,8.58916840663139e-05,0.16296085733348,8.58916840663146e-05,0.0792716722876971,8.58916840645852e-05,0.075172098746422,0.00721519096003662,0.117433063038011,0.118836671017644,8.58916840663126e-05,0.0511215904077436,0.0163574028273244,0.0805529320713674,8.5891684066314e-05,8.58916906876176e-05
"73",2.97062868172515e-05,2.97062867256293e-05,0.0954063181022444,0.312482796844104,0.00991406827856183,0.0742137657401971,0.334543306376009,2.97062867493045e-05,2.97062867492924e-05,2.97062867488252e-05,0.0251987444574396,0.0299703249131194,0.00868667457105088,0.056757536982928,2.97062867489541e-05,2.97062867492972e-05,0.0462155170930622,0.00633819940207753,2.9706286749299e-05,3.50969451685889e-05
"74",0.0790322229466341,0.00688153742285414,0.10280412717767,0.0533165399454241,0.0297554346998489,6.08320418551083e-05,0.336187818490027,6.08320418551252e-05,0.217791719271899,0.00926178161161132,0.0117540609617828,6.08320418551275e-05,6.08320418551101e-05,0.0309741545289977,6.08320418551094e-05,6.08320418419753e-05,6.08320418432478e-05,0.0304112467948965,0.0913426998135511,6.08320418418041e-05
"75",0.140965889297906,0.10946256000619,0.000949479574462017,0.000212496020106153,0.332499335809494,6.43520515876528e-05,5.9213138971617e-05,5.92131389716109e-05,5.92131383280155e-05,5.92131389717909e-05,0.0400921996952853,0.171179286804368,0.0595526765857675,5.92131389941226e-05,5.92131389848724e-05,0.144429592765721,5.92131389718174e-05,5.92131389716171e-05,5.92131389716218e-05,5.92131389767547e-05
"76",0.0792934423618106,4.20044556879506e-05,4.20044557176732e-05,4.20044555903248e-05,4.20044556997533e-05,0.0401137148494565,0.704656129036578,4.20044556954499e-05,4.20044556954573e-05,4.20044556954561e-05,0.0381919554895661,4.20044556954581e-05,4.20044576287323e-05,0.0248906565397808,4.2004455695458e-05,0.112256383631005,4.20044556954565e-05,4.20044556954398e-05,4.20044556954588e-05,5.16601659152617e-05
"77",2.50491961546104e-05,0.000927323294483104,0.26968150259825,0.687249228028979,2.50491961568159e-05,2.50491961570719e-05,2.50491961573551e-05,2.50491961426511e-05,2.50491961568184e-05,2.50491961568207e-05,2.50491961569648e-05,2.50491959735139e-05,0.0416178445455545,2.50491961568169e-05,2.5049196156813e-05,2.5049199483404e-05,2.50491961625414e-05,0.000136633362883597,3.6779420521354e-05,2.50491961568187e-05
"78",0.00716697182875072,6.25049674416213e-05,6.25049674265486e-05,0.0353147361597976,0.0240499296607308,0.322288234610937,0.421159221115512,0.034867398915264,6.25049673135578e-05,6.25049673087294e-05,6.25049673096399e-05,0.0262093296925763,0.0298275582067969,6.25049673697444e-05,6.25049672729481e-05,0.0407067744448849,0.0258034803007,0.0219498044861413,0.0101565208391475,6.25049673180854e-05
"79",0.0132796391214941,0.00170515838896251,0.103258295999543,6.51300414621483e-05,0.377044643519392,6.51300414621456e-05,6.51300414621479e-05,6.51300414621472e-05,0.120749092939505,6.51300414620938e-05,6.51300414621369e-05,6.51300414621407e-05,0.0733616235672198,0.0829708665653067,0.00493410637859191,0.0187714084307123,0.0824361718461716,0.120902822873478,6.51300414528073e-05,6.51300379366076e-05
"80",5.63341764806626e-05,0.0298767093051744,0.042449020948829,0.141010100091846,0.164062186595964,0.251442166954283,0.242094367683316,0.0247982081972616,0.0133019659205111,3.90572035463229e-05,4.01051337010048e-05,0.00015989936613658,0.0198537782296453,3.90572034133583e-05,3.90572034195389e-05,0.0426219813680137,3.90572034043348e-05,0.0279988328082339,3.90572034164949e-05,3.90572034041253e-05
"81",0.00774257771502659,0.0408267361628015,0.0031472869100377,0.209072266443205,0.0408312305735888,0.18099298581008,0.00949168413613191,6.25499876312675e-05,6.25499876312681e-05,0.00338798404894083,6.25499876312673e-05,0.137855682920203,0.0445538480598427,0.049306551221917,6.25499876312674e-05,0.195090981482594,0.0772623346044443,6.2549987631267e-05,6.25499876312679e-05,6.25499853984212e-05
"82",0.114633436545593,0.02861541434889,0.00452799290269472,4.22248685976188e-05,0.00701609308211683,0.0450915319856843,0.193993985157219,4.22248685950535e-05,0.0043775815383301,4.22248685932968e-05,0.0302800020894469,0.155707790569348,0.213843350720479,4.22248685999309e-05,4.22248685914001e-05,0.0390275408861007,0.0276938159697666,0.0825569091583716,0.052375342047737,4.80886552450745e-05
"83",0.0563377569682127,0.013268260119662,0.0244706160219964,0.102595902979004,0.195681754813089,0.000232514663391926,0.218099045321459,4.27140293639175e-05,4.27140293607769e-05,0.00545679532939358,0.0702280503003068,0.213990541828406,0.0170462884344059,4.27140293689264e-05,0.00235951728152737,0.0380956442255924,0.0418810275374773,4.27140293639164e-05,4.27140293639157e-05,4.27140292552746e-05
"84",0.0669559358351993,0.0248047684975197,0.0108810912109189,0.0585264974905443,0.0876823412743209,0.0799310857859534,0.206966444002102,0.106622309674971,0.0794393125630694,9.85247271151608e-06,9.8524727170051e-06,0.0015537865489775,0.0710746152550827,0.032346676800288,9.85247271700561e-06,0.0311545460419586,0.0679151982055755,0.0336768282484164,0.0404291526712699,9.85247568648122e-06
"85",0.0899835273505991,0.0621127514941736,0.0124760903205434,0.0412779541184379,4.10794294683531e-05,0.113269398551282,0.241927475148658,0.0578440458447903,0.0144632877592085,0.00387832986189959,5.19573089662283e-05,0.0214474407230827,0.107504021647609,0.0347623075353711,0.00221544054683958,0.0677812787525042,4.10794294672963e-05,0.098280827935863,0.0306006268131283,4.10794281076583e-05
"86",0.0649459185753847,0.0557974407471244,0.0716772313173178,0.0224967474354836,6.04077472956446e-05,0.367486949649163,0.239852168739667,6.0407747295721e-05,6.04077473019019e-05,6.04077473126192e-05,6.04077472957229e-05,0.000104682548480428,0.00781728537677094,0.0123818456559534,6.04077472954741e-05,0.126074194746221,0.0247963129627796,0.00608596026723529,6.04077472933884e-05,6.04077473284035e-05
"87",0.042057229565877,0.0672112482221923,2.04258393654941e-05,0.160792600665943,0.0367643454096178,0.0673277928974081,3.06965978314856e-05,0.0673940337106164,0.0420194456534348,2.0425839354898e-05,0.0600281752787707,0.147992658966681,2.04258436523125e-05,0.0499852541245821,2.0425839355809e-05,0.0902122163822942,0.102389959481422,2.04258393558093e-05,0.0656717880028663,2.04258393773306e-05
"88",5.96356394754578e-05,5.96356401565912e-05,0.0467227016090826,0.0193261658638183,0.00976607232070657,0.147008289026293,0.243577888504643,5.96356394754302e-05,0.0192167005363429,5.96356394661404e-05,0.0288543902624424,0.150352445880145,5.96356397985703e-05,0.0582907489096182,5.96356394754376e-05,0.0794410687205097,0.167743186595166,0.0109617378743457,0.0183211544194926,5.96356395454303e-05
"89",0.0029860460955392,0.0433479208002468,5.98811387242752e-05,5.98811387317791e-05,5.98811391371237e-05,0.21668140124032,0.0262017760831179,5.98811387301829e-05,5.98811387301831e-05,5.98811387432628e-05,0.0332452228470884,0.245669233299859,0.0265723621052264,0.0570664580215434,5.9881138733085e-05,0.0311090303222127,0.0817322439986989,5.9881138730182e-05,0.234849374937293,5.98811385936688e-05
"90",0.097700314423326,0.00647799851758881,0.00278387978174297,2.88631395094592e-05,0.0814060951727803,2.88631395094819e-05,0.261768350926075,0.00607021844021829,0.055286401784775,2.88631395105463e-05,2.88631395094614e-05,0.14959753383613,0.0608672199143954,2.8863139509458e-05,2.88631395094596e-05,0.144096161021537,2.88631395206063e-05,0.020358924644405,0.113107769154062,0.000277090406386282
"91",0.248758065236804,0.00596246916118221,6.02437290060551e-05,0.142445984981418,0.0475629655758877,6.02437290105605e-05,0.206679337452288,6.02437290105589e-05,0.000638785101165091,6.0243729010399e-05,0.0770045476335692,6.02437290105616e-05,0.0447188921215615,0.0164901968125836,0.000957903412717186,0.0788168276187514,0.0640078539657996,0.0655344648259675,6.02437290105586e-05,6.02437262463251e-05
"92",8.82101487244669e-05,8.82101487861483e-05,0.0191080692050057,8.82101487244676e-05,0.11137838551629,0.240577535922969,0.128301536886883,0.0561558210456716,0.0139339686420276,0.000549547865846455,8.82101487244665e-05,0.100122692275979,0.0168792934073676,0.10434918194609,0.00479316660283752,0.100420831084168,0.0567828894340783,0.0461178192703086,8.82101487244644e-05,8.82101507933164e-05
"93",0.000130206552814953,0.0846013718484336,0.0362497359548041,0.120867818196548,0.120220312115106,0.000123296174731975,0.187157177830566,8.28932054595607e-05,8.28932054595612e-05,8.28932054556379e-05,8.28932054595523e-05,0.155920939784101,0.00380338344507485,0.112614826805973,0.00251310488372477,0.139185284683785,0.036032289286227,8.2893205459562e-05,8.28932054595618e-05,8.28932053563031e-05
"94",0.366468977976987,0.0302979377532034,0.0594177409915968,0.0706751408514114,0.0227622738245316,0.0384124584671888,0.160974745160808,0.110812191222315,0.00649495536901764,6.01539103281465e-05,0.000119062034327809,0.0239950459551169,6.01539103439446e-05,6.01539103473039e-05,6.01539103412263e-05,6.01539103395098e-05,0.000702341177407919,0.0359359424438132,0.064149062450599,0.00848135476997559
"95",0.155372031326181,0.029488746314579,0.0402013705579243,0.16422431218427,0.0226984629401251,0.0244895983236322,0.125518152288907,0.0239476164005939,0.0192757669919639,0.00150286605345473,8.64898216589264e-05,0.0374873916457985,0.0631743276516808,0.0567489363740659,8.64898216589257e-05,0.1459161720838,0.0389081466940526,0.046050948686054,0.00443648434273333,0.000385689496865193
"96",0.172626407327867,0.00747089536829948,0.042936269126004,0.0811264924117628,0.0183047348628184,0.103667052165294,0.111327856823001,8.2775633506e-05,0.156901197228765,0.00319550519326379,0.0202675928034434,0.0173254610731295,0.0265198003903828,0.0419250033573892,0.000104207971083318,0.10069311736254,0.00288457573326404,8.27756335060027e-05,8.27756335060019e-05,0.0924755039011738
"97",0.156209998506852,0.0363755764017689,0.033638058043151,0.00992802203853484,0.000152195895582995,0.086804878698577,0.0991674859039228,0.000118440532316785,0.102338570002702,0.0112226507872896,0.0849953418279521,0.06619262348009,0.0571005665843886,0.00618607557748629,0.000118440532316785,0.142494882327774,0.0073016415131864,0.000118440532316785,0.0911755109632104,0.00836059985057997
"98",0.0036564145263621,0.0113980920432612,0.0657483819875717,0.26086499765827,0.0338737375954146,0.038112749078444,0.113176409251853,0.000124976927418816,0.070532371843087,0.00553196513410005,0.165751669023074,0.000124976927418816,0.0146704040474388,0.0273703715312808,0.000124976927418816,0.113244459746253,0.00016823195891997,0.0524706324420518,0.000124976927418817,0.0229292044229418
"99",0.024931079401918,0.0411343797047802,4.16476030444888e-05,0.134405233317958,4.16476030441105e-05,5.43289542537073e-05,0.317901278820547,4.16476030441106e-05,0.00242482052802629,0.00429548689712515,0.153654655963131,0.114168764931499,0.0995962865066576,4.16476030560528e-05,4.16476030441105e-05,0.04719022763001,0.00190842214549514,0.0580435019775437,4.16476030441094e-05,4.16476027784612e-05
