"","0","1","2","3","4","5","6","7","8","9","10","11","12","13","14","15","16","17","18","19","20","21","22","23","24","25","26","27","28","29"
"0",2.87216443053865e-05,2.87216443061696e-05,2.87216443053786e-05,0.3645922390285,0.0837721235952048,2.87216443054359e-05,2.87216443049289e-05,0.0769946424157617,2.87216443054051e-05,0.0362116830066468,2.87216443113503e-05,2.8721644305395e-05,2.87216443053975e-05,2.87216443053773e-05,2.87216443054216e-05,2.87216443054555e-05,2.87216443053836e-05,2.87216442940304e-05,0.0741047234647167,2.87216443041845e-05,2.87216443054219e-05,2.87216443053796e-05,2.87216442929178e-05,2.8721644303615e-05,0.0368387284349407,0.30680361569852,2.87216443053814e-05,0.0200503681810103,2.87216443053836e-05,2.8721644305392e-05
"1",4.02942075894023e-05,4.02942075892395e-05,4.02942076184861e-05,0.0625947686517704,0.101331236180522,4.0294207589411e-05,4.02942075535883e-05,0.182557209570884,0.0637969713155376,5.90360941272647e-05,0.0252537016662446,0.101286492736343,4.02942075874982e-05,5.17745911829691e-05,4.02942075894472e-05,0.137461389404541,0.00158626308796716,4.02942075384249e-05,0.0748740655348722,4.02942075894251e-05,0.142947397086004,4.0294207589411e-05,0.0446548646998376,4.02942075451595e-05,4.02942075894039e-05,0.0609001220588762,4.02942075894096e-05,4.02942075894372e-05,4.02942075609331e-05,4.02942075801196e-05
"2",3.91760601188342e-05,0.281336871822961,3.91760601188372e-05,0.00929701680757823,3.9176060118859e-05,0.000109441356888718,3.91760601330844e-05,3.91760601188349e-05,0.0113083831319468,0.037132506134732,0.111661190888684,3.91760601188412e-05,0.0752430507925397,0.0546233888075201,3.91760601188526e-05,3.91760601188305e-05,3.91760601192071e-05,0.00444804226193018,0.191244165023647,3.91760601187853e-05,3.91760601188333e-05,0.0017525061361217,0.104777620337451,0.0661385043264565,0.00315075319416263,3.91760601191021e-05,0.00254556063600705,0.0293884955910945,0.0153332139687193,3.91760601188356e-05
"3",0.0123569370027444,0.148990492788536,2.82202595306773e-05,0.0490884215395011,2.82202594888971e-05,2.82202594890031e-05,2.8220259504425e-05,2.82202594933498e-05,3.39039611241278e-05,3.50872770777584e-05,2.82202594782514e-05,0.295516701147082,0.136775785559506,2.82202594850644e-05,2.82202594958299e-05,2.82202594889556e-05,2.82202595014143e-05,2.82202593015993e-05,2.8220259489001e-05,2.82202597759817e-05,2.82202594889985e-05,2.82202594889916e-05,2.82202595817758e-05,2.82202619704775e-05,0.0607551131919643,2.82202594799676e-05,0.295854932080956,2.8220259488982e-05,2.82202589971012e-05,2.82202594889947e-05
"4",0.0712975412909823,0.356457292870986,2.77417947044326e-05,0.0177149437325517,2.77417947044348e-05,0.33478469432009,2.77417947132255e-05,2.774179470463e-05,4.5915822905522e-05,0.0818259622221144,2.77417947095286e-05,2.7741794704445e-05,2.77417947044353e-05,2.77417947044351e-05,2.77417947043897e-05,5.12808245401836e-05,2.77417947044347e-05,2.77417947071028e-05,0.0504779973462244,0.0520727292552937,2.7741794704454e-05,0.0347066108755369,3.793733866115e-05,2.7741795416244e-05,2.77417947044371e-05,2.7741794704427e-05,2.77417947044333e-05,2.77417947044358e-05,2.77417947044353e-05,2.77417947044346e-05
"5",0.0868859848442155,3.86158233724067e-05,0.147709217006387,3.86158233722871e-05,3.86158233722576e-05,3.86158233724123e-05,0.052473266669706,0.219279494039712,3.86158233724093e-05,3.86158233724226e-05,0.0616726926981641,3.86158233724088e-05,0.0702562045589837,3.86158235990789e-05,3.86158233723658e-05,3.86158233723981e-05,3.86158233724099e-05,0.10003796888846,0.0878074932624343,0.0518961271146372,3.86158233724092e-05,0.0122786430937276,0.0128215421951714,3.86158241772653e-05,0.0961862808066657,3.86158233724047e-05,3.86158233724198e-05,3.86158233724117e-05,3.86158233729099e-05,3.86158233724107e-05
"6",4.06287524474858e-05,0.214760578688724,4.06287524474875e-05,0.0628789441309636,4.0628752447483e-05,4.06287524474816e-05,0.0143597622312144,4.06287524482553e-05,4.06287524474846e-05,4.06287524474635e-05,0.16142177773432,0.00221737245783987,0.145569497877859,0.000366112228401313,4.06287524475733e-05,4.06287524474983e-05,0.00921199499302067,4.06287538263684e-05,4.0628752447486e-05,4.06287524475255e-05,0.00901860238662267,0.0277968823758408,4.06287524492823e-05,4.06287553223193e-05,0.000976547643624592,4.0628752448289e-05,0.331584440683917,4.06287524474869e-05,0.0191467977717873,4.06287524474863e-05
"7",2.83746600786935e-05,0.100253052976954,0.000557336491574373,0.0256831467543713,5.00280781462367e-05,0.279154153537853,2.83746600814483e-05,0.244655810339837,2.83746600786884e-05,2.8374660078706e-05,2.8374660079421e-05,0.0153908731466463,2.83746600711524e-05,2.83746600786998e-05,2.83746600786819e-05,0.0431521413994004,0.0780253836951436,0.000301813871341489,0.0256398409051003,0.0309202950254185,0.021524273730269,0.0027855523228294,0.0743824665398331,2.83746612226176e-05,0.0570961189074792,2.83746600786806e-05,2.83746600786968e-05,5.8841695614993e-05,2.83746601040676e-05,2.83746600786903e-05
"8",3.89028252661855e-05,0.0062848237868629,0.0845284875735995,0.129282888770334,3.8902825266249e-05,0.199518267718419,0.00448401358613957,0.211314556136135,3.89028252661819e-05,0.0707740436456074,0.0760758712810132,0.0284412246806899,0.00930917837902631,3.89028253309805e-05,3.89028252662163e-05,0.0274499606924491,3.89028252590475e-05,0.000126777797514229,0.02785858331033,3.89028252662158e-05,0.0555419249619931,3.89028252661854e-05,0.0684258553008399,3.89028252608783e-05,3.89028252661907e-05,3.89028252661856e-05,3.89028252661842e-05,3.89028252661843e-05,3.89028252670436e-05,3.89028252661856e-05
"9",2.72367959091445e-05,0.108829700631567,2.72367959099272e-05,2.72367959029924e-05,0.0445542601163033,0.203482230225167,2.72367959207954e-05,0.000481822429131762,0.0286855195061769,0.0244414514586841,2.72367959102272e-05,0.233623822573945,0.0732299078101357,0.0453919523635738,0.0121641737911038,0.0472005036347461,2.72367959934995e-05,0.000156089343471299,2.72367959091277e-05,2.72367959009258e-05,2.7236795909111e-05,2.72367958877653e-05,2.72367961605702e-05,0.0380400371884306,0.0322172742183914,0.0125496540219285,0.0945702855441928,2.72367959091674e-05,2.72367959182937e-05,2.72367959091439e-05
"10",0.00335262552765954,2.91762450795153e-05,0.129503152599642,0.137301396734799,2.91762450774932e-05,2.91762450776981e-05,0.16033645762712,0.422784535663568,2.9176245077362e-05,2.91762450777133e-05,2.91762450777022e-05,0.0213629224241659,2.91762450776982e-05,0.0110036739807269,2.9176245077637e-05,2.91762450776914e-05,0.000834439453677753,2.91762451028576e-05,2.91762450777023e-05,2.91762450776597e-05,2.9176245077715e-05,2.91762450776984e-05,2.91762450600947e-05,2.91762450708506e-05,2.91762450777014e-05,0.112908094842029,2.91762450756372e-05,2.91762450776984e-05,2.91762450585933e-05,2.9176245077701e-05
"11",0.0831963612511283,0.395915385358214,0.0799132587066015,7.94086514987494e-07,7.94086515157841e-07,7.94086515106696e-07,7.94080481133395e-07,7.94086515150214e-07,0.000129466138943123,7.94086515248533e-07,0.171556292366164,3.4691231594428e-05,0.003235343619771,7.94086515164254e-07,7.94086514844113e-07,7.94086515125529e-07,7.94086515159768e-07,0.033469326565655,7.94086515007374e-07,7.94086515419901e-07,7.940865152215e-07,7.94086515154671e-07,7.94086515185392e-07,7.94085335190819e-07,7.94086515149061e-07,0.232533198952632,7.94086522649919e-07,7.94086515222206e-07,7.94086200275122e-07,7.9408651515916e-07
"12",0.015085035771242,0.00926050865671968,0.121723664193412,0.188810135956701,1.88109078672538e-05,1.88109078804264e-05,1.88109078778589e-05,1.88109078855607e-05,1.88109078804387e-05,0.540226598557638,0.0109759178014121,1.88109078804309e-05,0.00532324519929437,1.88109078804529e-05,1.88109078806311e-05,1.88109078805136e-05,1.88109079065156e-05,1.88109078922874e-05,1.88109078804453e-05,1.88109078813227e-05,0.000134294598103689,1.88109078804253e-05,1.88109082349886e-05,1.88109079043647e-05,0.0438167743619219,1.88109062889956e-05,1.88109078803963e-05,0.064267606747131,1.88109078805371e-05,1.88109078804259e-05
"13",1.90181340322009e-05,0.0339431054789587,1.90181340321995e-05,0.0239480594005387,0.174910066881201,1.90181340322004e-05,0.00610404207024047,0.17389951616542,1.90181340321834e-05,0.018461510183511,0.0502795025469196,0.202268696612698,0.057511850648927,0.0104695458395948,1.91025746263062e-05,0.0180026301492051,1.90181340324628e-05,1.90181340260689e-05,0.19504733488032,1.90181340321913e-05,1.90181340322015e-05,1.90181340313428e-05,1.9018134040126e-05,0.000543420190579978,0.0342315988145331,9.37636862780742e-05,1.90181340321997e-05,1.90181340333058e-05,1.90181340272492e-05,1.90181340321994e-05
"14",0.010059489160938,0.0551853312991836,0.028126208074645,0.146220205551087,3.8722558553458e-05,3.87225585534798e-05,0.000675374587814799,3.87225585549963e-05,0.300893526567408,5.09189702641578e-05,0.014830920739952,4.00162051661888e-05,0.000178649589893282,3.87225585534579e-05,3.8722558553499e-05,3.87225585534566e-05,0.0240755766750142,3.87225585514155e-05,0.0523884533733556,3.87225585534001e-05,3.87225585534674e-05,0.0516239852637068,0.124097437545859,3.87225585787059e-05,0.161366693471257,0.0158047037179073,0.0138791159453276,3.87225585534536e-05,3.87225585540719e-05,3.87225585534578e-05
"15",0.0047853386677321,0.0333008899897824,3.97823297508814e-05,0.0155648407276346,6.99291534835524e-05,0.00559513986920048,0.00171639928019616,0.0800577997402816,3.97823297510375e-05,0.0575105793949592,0.0197283411985358,0.308640295231955,0.00954136328074162,7.09682790844477e-05,8.1439893924215e-05,0.0940303791362791,0.0336813715273721,3.9782329729019e-05,0.113492297061839,0.107968799824099,0.0136870322385622,0.00838916626571184,3.97823297510378e-05,3.97823297670958e-05,3.97823297510372e-05,3.97823297510392e-05,0.00467611392541445,0.0870534743454294,3.97823297747379e-05,3.97823297561464e-05
"16",5.54615881742505e-05,0.0204993021201514,0.0146974303162069,5.54615881675337e-05,0.0639035764481068,5.54615881761091e-05,0.0470300188748117,0.0279491754392739,5.54615881742516e-05,0.168724468706456,0.0941184932479974,0.00970413943584516,0.020014150201219,5.54615881742515e-05,0.138276398011418,0.0387090186441603,0.0020814611396896,0.00550483754088012,0.0795954431678781,5.5461588174246e-05,5.5461588174261e-05,5.54615881742534e-05,0.0903683158594664,5.54615881542525e-05,0.0676577554941348,0.109155297147308,5.54615881742504e-05,5.54615881742515e-05,0.0013451791469298,5.54615881742516e-05
"17",0.00162189440879293,0.0794580618514294,0.0172417318522238,0.155360637294613,5.63640300072026e-05,0.0272889648457247,0.0951064301977091,0.0181865698627583,0.0261326340327973,0.0351906539193267,0.181360574419574,0.0436520199857754,0.0568063844829051,5.63640300119193e-05,5.63640300055374e-05,0.0334766961746938,5.63640299923538e-05,0.00160948990158993,5.63640300072101e-05,5.63640300072035e-05,5.6364030007191e-05,5.63640300071998e-05,0.131266692230516,0.0246610194535316,0.0534504098036297,5.63640300085477e-05,0.00978657589240775,0.00324159879719369,0.00453732029274621,5.63640300072002e-05
"18",0.000522815329762058,0.0419931991407065,0.0348112232702971,0.123288072769068,0.0608852172221759,0.0206181865470389,0.0495903115080685,0.00361979002118075,2.68623426220182e-05,0.0962595568023398,0.0826611913079505,0.0963409861768628,0.0110828150926656,0.00633889581169288,2.68623426220357e-05,0.00934052509876353,2.68623426195324e-05,0.0359572056561502,0.0996783097980525,2.68623426220162e-05,2.68623426220164e-05,0.00190171030540803,0.0486473917423893,2.686234262505e-05,0.0384550367103823,0.0581268587951323,0.0494492171606563,0.0290406220422303,0.00120282529267055,2.68623426220171e-05
"19",0.00331032581797668,3.99041376724113e-05,0.120635724648456,0.078512369284991,3.99041376725854e-05,9.30932824202027e-05,0.000498758719817115,0.0777627735800671,0.0470308313672795,3.9904137672409e-05,0.0261490580937399,0.00625818617484371,0.00829361657142645,3.99041376724142e-05,3.99041376718654e-05,3.99041376729371e-05,3.99041377016181e-05,0.0115981700317127,0.240629053559006,3.99041376724621e-05,0.161951181735805,0.0241829411909353,0.117822463954733,3.99041382998328e-05,3.99041376724192e-05,0.0584047093167395,3.99041376739225e-05,0.00643904384280573,0.0068805780149556,0.0031081752972343
"20",5.85295679705118e-05,5.8529567970513e-05,5.8529567962173e-05,0.0142532113816696,0.163570951825371,0.0365062621474416,0.063306702248851,0.0553686271012238,0.045595391025919,5.85295679705267e-05,5.85295679705016e-05,5.85295679705012e-05,0.0862139361405343,0.0568030161848885,5.85295679698049e-05,5.85295679705145e-05,0.0092274408185713,0.0295763292038446,0.112374020971353,0.246090697512177,5.85295679705079e-05,0.0449592953957062,5.85295679704957e-05,5.8529567966864e-05,5.85295679705109e-05,5.85295679705187e-05,0.00213054452321056,5.85295679705037e-05,0.033145629999694,5.85295679705078e-05
"21",0.0064565589624787,0.0160681839596853,0.0425418361743544,0.0459563706763551,0.0946929520749871,0.116665076823458,6.52684084381354e-06,6.52684085005261e-06,0.0131770580725094,0.0736881681716381,6.52684085005501e-06,0.049996596765321,0.0330047073024822,0.0896846104474856,6.52684085005202e-06,0.128563110987643,6.52684084475888e-06,6.52684084839872e-06,0.00589311667203969,6.52684085005507e-06,6.52684085005904e-06,0.0704549172902536,0.0103559179134874,6.5268410547332e-06,0.125121660072981,6.52684085005625e-06,0.0524538483376054,6.52684085005444e-06,0.0251469872048436,6.52684085005486e-06
"22",1.32261754029837e-05,1.32261754029834e-05,0.0316182553321932,0.0704959293493139,0.0256246744194293,0.107922567629689,1.32261753934675e-05,1.32261754031431e-05,1.63764732088238e-05,1.32261754029559e-05,0.182414688802999,0.367190161930743,0.00387404329585394,1.32261754029864e-05,1.3226175402967e-05,1.89851122631045e-05,0.00124759480210325,1.3226175512337e-05,0.016618558030236,0.0182667768079735,0.0459429666254348,1.32261754029687e-05,1.32261754116792e-05,1.32261759108589e-05,1.32261754029795e-05,0.114453181706004,0.0140968470508598,1.32261754029785e-05,1.32261754374994e-05,1.32261754029868e-05
"23",0.0474282819904241,0.08597145491269,0.0755151752257443,0.0830735728363025,1.00886426259707e-05,0.213670580654045,0.0650460295457273,0.0539123884377596,1.008864262611e-05,0.0626912313087839,1.00886426261091e-05,1.00886426260979e-05,0.0206916568775158,1.00886426261106e-05,1.00886426261833e-05,1.00886426261169e-05,0.045703243005987,1.00886426265547e-05,0.195024418245946,1.00886426260706e-05,1.00886426260914e-05,1.00886426261049e-05,1.00886427809864e-05,1.00886426228366e-05,1.0088642626124e-05,0.0208814969611574,0.0302189630731175,1.00886426283394e-05,1.00886426264868e-05,1.00886426265202e-05
"24",4.13200169728921e-05,4.13200162234792e-05,4.13200169790927e-05,4.13200169704422e-05,4.13200169705597e-05,4.13200169724239e-05,4.13200170310817e-05,0.0123677603716081,0.0526198379116972,4.13200169723499e-05,0.0171987787910743,0.243627670310181,4.13200177362496e-05,4.132001697241e-05,4.13200169723002e-05,4.13200169725855e-05,0.00611167621557127,4.13200171283458e-05,0.33673068216657,4.13200169651629e-05,4.13200169722235e-05,0.0520704313105956,4.13200169632652e-05,0.00527544732170971,0.0417210702655502,0.225076192258366,4.13200169723836e-05,6.91912629615791e-05,4.13200169724155e-05,0.00638750150839485
"25",1.98733252029644e-05,0.488617822576797,1.98733252010302e-05,1.98733251690695e-05,1.98733249071172e-05,1.98733252027893e-05,0.0995371964178636,3.84592157017943e-05,1.98733252029978e-05,0.0724259110597444,1.98733252031056e-05,0.190151652343619,1.98733263098441e-05,1.98733252029713e-05,1.98733252163823e-05,1.98733252030182e-05,0.00177994675344299,0.0298570782014648,1.98733252029696e-05,1.98733252032546e-05,1.98733252029961e-05,1.98733252029592e-05,0.0698710877574293,1.9873325465371e-05,1.98733252029667e-05,6.77465384147781e-05,0.047255632630417,1.98733252029677e-05,1.9873325202032e-05,1.98733251987784e-05
"26",0.00292304368057531,0.0615189277600386,3.89529692331236e-05,0.00287450800126819,0.21228721322686,3.89529692241381e-05,0.0257399429690865,0.0692751108988146,0.0896507504481188,3.89529692241425e-05,0.00371821641314198,0.0375233330043394,0.140984273106578,0.0449983216499893,3.89529692241062e-05,0.0378722601586555,3.89529692123279e-05,3.89529688789298e-05,3.89529692241437e-05,3.89529692241725e-05,0.0226665130948215,0.000751719613696414,0.0318602062045648,0.00152231916680435,0.0357822190714958,0.0949298957364707,3.89529692241344e-05,0.0817091201661964,3.89529692248205e-05,0.00102257593658996
"27",1.98992539362492e-05,1.98992539372671e-05,1.98992539449864e-05,1.98992539447286e-05,1.98992539376041e-05,0.385157048305312,0.0373881035320203,0.0546598246204537,0.221404653244434,0.161969319240076,1.98992539271086e-05,0.0270317642348619,1.98992538931777e-05,1.98992539362494e-05,1.98992539347603e-05,1.98992539362499e-05,1.98992539389253e-05,0.000210018676164392,7.8034712180257e-05,1.98992539376528e-05,1.98992539362443e-05,1.98992539362477e-05,1.98992542152509e-05,0.0630689255168133,2.7450125013031e-05,1.98992539362465e-05,1.98992539362393e-05,0.048626771967422,1.98992541495581e-05,1.98992539342004e-05
"28",4.0385885428463e-05,0.0225649787158918,0.0102765629525896,4.03858853964025e-05,0.0647663304779682,0.0606572369124938,4.03858855136605e-05,0.232632159968078,0.0557845165582055,0.102299772169057,0.00641913128665616,0.0506839607497329,4.03858854238263e-05,0.00544808120563848,4.03858854389295e-05,0.00640237321865099,0.0590671104061958,0.00169851882437911,0.128757546359878,4.0385885442413e-05,4.03858854374998e-05,4.03858854412114e-05,4.03858853646561e-05,0.0079235068354493,4.03858854375129e-05,0.00530658129183367,0.173904195626694,0.00492280581548041,4.03858853712047e-05,4.03858854326732e-05
"29",0.00245982140743945,3.97027501499727e-05,3.97027501507109e-05,0.0233744662035687,3.97027501507138e-05,3.97027501507197e-05,0.0174812770388661,0.116928818539157,3.97027501507134e-05,0.0768353510690968,0.15368053966672,0.232867015646612,0.0525825637197912,0.0271639169351491,3.9702750150688e-05,3.97027501507247e-05,0.152082200279366,0.00239347597631985,0.0193951355402389,3.97027501507174e-05,3.97027501507121e-05,0.0416007246905743,3.97027501500845e-05,3.97027518516728e-05,3.97027501507133e-05,0.0542892414334921,0.0262699106001492,3.97027501507134e-05,3.97027496495116e-05,3.9702750150712e-05
"30",0.0112347350844715,4.04142195787893e-05,0.0180636558406369,6.19337314369916e-05,0.176926590535625,4.04142195788103e-05,0.0338424308861494,0.0834904184064815,0.0011844582182443,0.0880418577325888,0.0349042505213045,0.0166056563671046,0.0151775216117382,0.051146432932663,4.04142195787918e-05,0.151307252687811,0.0869540672529511,4.04142195773733e-05,0.101348215797366,4.0414219578823e-05,0.0538387851206718,4.04142195788147e-05,0.019361707343187,4.04142171920542e-05,0.0233097222834029,0.000134954078644686,0.0326612113741095,4.04142195788554e-05,4.04142195926858e-05,4.04142195767067e-05
"31",2.7761189363217e-05,0.136562274906249,2.77611893632074e-05,3.34546881191613e-05,2.7761189363541e-05,0.0420351097338451,2.77611893678475e-05,0.0248895839453513,0.0504219656956266,0.0963583037729871,0.0907797052885993,0.0358397001201517,0.0857021886877238,0.00186363489978493,0.0384642344674806,2.77611893632045e-05,0.0236693005882048,2.77611893636181e-05,2.77611893632048e-05,0.107187946487913,0.087897880392239,2.77611893632057e-05,0.0112757420576254,2.77611893685266e-05,2.77611893631979e-05,2.77611893632068e-05,2.77611893632124e-05,0.166630317617001,2.77611893659654e-05,2.77611893632058e-05
"32",4.01267194687529e-05,4.01267194687526e-05,0.0454747430804369,0.10115614898361,0.0858220511775001,0.129949868723452,0.0052044382399463,0.0603897168646014,4.01267194687519e-05,0.10771771059069,0.0880019012394713,4.01267194687497e-05,0.0232448659379204,4.01267194687579e-05,4.01267194687721e-05,4.0126719468758e-05,4.01267194682151e-05,6.18068488828841e-05,0.122811423700527,0.0102184496303417,4.01267194687539e-05,4.01267194687518e-05,0.108816964633014,0.00688997843098496,4.01267194687605e-05,0.103547682070427,4.01267194687566e-05,0.000130475775621586,4.01267194787462e-05,4.01267194687582e-05
"33",3.96550800107221e-05,0.0686984735971253,0.167255006754367,0.0231344982429885,3.96550800106375e-05,3.96550800107231e-05,0.0153169566653311,0.0462604442961226,3.9655080010723e-05,0.0823745895969942,0.0364289297542779,0.0337309930506145,0.064721592500506,3.96550800087486e-05,3.9655080010701e-05,0.245872554051452,3.96550800153343e-05,3.9655080019757e-05,0.0275597486502128,3.96550800106511e-05,0.0331774440576796,3.96550800154297e-05,0.0459497946863852,0.0954352889919668,0.0134888589038015,3.96550800107167e-05,3.9655080010725e-05,3.96550800107233e-05,3.96550800086712e-05,3.96550800107223e-05
"34",3.97440405072104e-05,0.214559559169967,0.196526753551707,0.0111993590759266,3.97440405071404e-05,3.9744040508201e-05,0.0191836258235769,0.0993431853773684,0.0228117396951628,0.0207194284568035,0.0332629810810692,3.97440405072105e-05,0.114355235199331,3.97440405072113e-05,6.70747870998436e-05,3.97440405072089e-05,3.97440405103803e-05,0.0256215354466888,3.97440405072039e-05,0.00838248425457244,0.0718702366594251,3.97440405072098e-05,0.0539302835860487,4.66511862597376e-05,0.0801037179290791,3.97440405072094e-05,3.97440405072112e-05,0.0274994761933194,3.97440405029928e-05,3.97440405072103e-05
"35",3.93587789233912e-05,3.93587789233913e-05,5.68193041482734e-05,0.152416776457921,3.93587789233889e-05,3.93587789233759e-05,0.000276796972302845,3.93587789081075e-05,3.9358778923349e-05,0.191523203553414,0.257172370261293,0.00835275060096325,0.0774760995297977,3.93587789274242e-05,3.93587789235337e-05,0.141029036377101,0.00135142226930462,3.93587789076046e-05,0.0911862772952518,3.9358778923409e-05,3.93587789233816e-05,0.0532254630275748,0.0252245263317509,3.93587775197702e-05,3.93587789233941e-05,3.93587789064796e-05,3.93587789233927e-05,3.93587789233919e-05,3.93587789268038e-05,3.93587789233912e-05
"36",5.67042253276795e-05,0.0388940541731733,0.0725179984728691,0.0174031788738774,5.67042253276674e-05,5.79796154042394e-05,0.0312789802905955,5.67042253289774e-05,7.96344958405845e-05,0.223670531001486,5.6704225327676e-05,0.18261566236406,0.102745097658802,0.0125369645090069,5.67042253276728e-05,5.6704225327679e-05,0.016164534901098,0.0015482560537906,5.67042253276735e-05,0.0762630317736628,0.00330636603980412,0.047441534331955,0.0160223737062985,0.0230083092592369,0.0265515227171811,5.6704225325371e-05,0.046379051412127,0.0576116168437225,0.00225422628728908,0.00119546141609921
"37",0.00263411952094525,0.013686742678317,0.00474318937809771,0.198149795856917,0.0321530162126825,0.147806723574078,1.91731637379234e-05,0.00425762963210387,0.0275257380274253,0.122241648259272,0.0548260096633459,1.91731617310474e-05,1.91731617268481e-05,1.91731617310351e-05,1.91731617310258e-05,0.11537834102362,0.0981388201165979,1.91731598936991e-05,0.0585876467717226,1.91731617310343e-05,1.98019384698945e-05,1.91731617310374e-05,0.0237620884117985,1.91731617180051e-05,1.91731617310385e-05,0.0719587055662963,1.91731617310261e-05,0.0238807322647513,1.91731626335389e-05,1.91731617310361e-05
"38",0.00267422409954753,0.0435448427351835,3.93858108295348e-05,6.57592792636638e-05,0.258015249130005,0.155465467575584,0.0854499931777124,0.0503265728734353,0.0410781169893052,0.0282704906858696,0.0258476978538514,0.0251312155153504,3.93858107929846e-05,0.00108738151280297,3.93858108414908e-05,3.9385810841424e-05,0.0216348213246998,3.93858108666564e-05,3.93858108414259e-05,3.9385810841927e-05,4.67216765813062e-05,0.00535555591482867,3.93858109451516e-05,0.0192939106833218,3.93858108414234e-05,0.236199963431652,3.93858108414247e-05,3.93858108414253e-05,3.93858108395738e-05,3.93858108414251e-05
"39",3.87246244453247e-05,3.87246244490824e-05,3.8724624445324e-05,0.113875059416497,3.87246244453389e-05,3.87246244453236e-05,0.0370097821769934,0.0268832049472445,0.0549898705579465,3.87246244453231e-05,0.04738859228425,0.289934278906868,3.87246244560968e-05,3.87246244450231e-05,3.87246244453164e-05,3.87246244453291e-05,0.0505819396513258,3.87246244238476e-05,0.108667909472213,3.87246244453225e-05,0.00596325669765438,0.0292078174536976,0.0293292804849041,3.87246244747804e-05,0.0711543223802895,0.120569681736908,3.87246244453184e-05,0.0112079727695211,0.00265616169698606,3.87246244453244e-05
"40",0.00798435823094296,0.0222974132272223,0.0979645918489886,0.0942827591774711,3.99006835204678e-05,0.207517552230608,0.000765446126371704,3.99006835204688e-05,0.0133041513299456,0.225340708424758,0.0557616256999344,0.113611404071083,0.0292343357397319,3.99006835204684e-05,0.000417570502349015,3.99006835204678e-05,3.99006835407037e-05,0.00833681956590361,0.0474555353156199,3.99006835204706e-05,3.99006835204677e-05,0.000862997000711262,0.0733544416931385,3.9900684221603e-05,3.99006835204676e-05,3.99006835280199e-05,0.000985227540652936,4.42540715857379e-05,3.99006835270522e-05,3.99006835204682e-05
"41",3.87659970291039e-05,0.0194432148223681,0.0479122947571406,0.0423732816869124,3.87659970291401e-05,0.0134072802245961,3.87659970499936e-05,0.0112164808258267,0.105213387587117,0.236558730770055,0.0138239641757551,0.191367528940134,3.87659970235649e-05,0.00822005249299319,3.87659970291125e-05,0.0176314673958157,3.87659970268265e-05,0.00672643522873871,0.000307077342573139,3.87659970291401e-05,3.87659970291004e-05,0.102080551165084,0.0963882007387847,0.00423152678924731,0.0572850139603111,3.87659970291042e-05,0.00700959566756519,6.79057196968327e-05,0.0183483497389815,3.87659970291046e-05
"42",0.00263159587740477,2.73184887585248e-05,2.73184887161574e-05,7.06821761273408e-05,2.73184887585566e-05,2.73184887585571e-05,2.7318488760953e-05,0.0745284434196805,2.73184887585775e-05,3.55766974005185e-05,2.73184887585373e-05,0.347636944927792,0.00605006289193149,0.00600555616237822,2.73184887585545e-05,2.73184887585516e-05,2.73184887585567e-05,2.7318488760479e-05,0.358452127238858,0.0737960540532852,0.0285914373901605,2.73184887585597e-05,0.0967943008854658,2.7318488758068e-05,2.73184887585615e-05,2.73184887585562e-05,2.73184887585553e-05,2.73184887585506e-05,0.00491548548189937,2.73184887585569e-05
"43",1.95033624400562e-05,1.95033624400079e-05,0.00525512604776002,0.0220585125851253,1.95033624454399e-05,1.95033624399848e-05,1.95033621613723e-05,1.95033624400083e-05,1.95033624400586e-05,1.95033624399858e-05,0.954974631607968,1.95033624400113e-05,1.95033624399429e-05,1.95033619561819e-05,1.95033624407805e-05,1.95033624400088e-05,1.95033624400189e-05,1.95033611599182e-05,1.95033624396936e-05,1.9503362439998e-05,1.95033624295237e-05,1.95033624400029e-05,1.95033624400092e-05,1.95033648302073e-05,1.95033624400216e-05,1.95033621904085e-05,0.0172046423356123,1.95033624408965e-05,1.95033624400124e-05,1.95033624400137e-05
"44",0.0240289977602532,2.65118283521517e-05,2.6511828344365e-05,0.0507664969402919,0.0988634253899669,0.105735305727093,0.0536375567016375,2.6511828352148e-05,2.65118283521368e-05,0.132208560796169,2.65118283521571e-05,0.416001188869301,2.65118283539418e-05,0.0613781515355433,2.65118283521514e-05,2.65118283521706e-05,2.651182829027e-05,2.65118296897218e-05,0.0251903713304917,2.65118283518432e-05,0.000250275805240006,2.65118283521509e-05,2.65118282077704e-05,2.65118283520182e-05,2.65118283521706e-05,2.65118283521518e-05,0.0314359444041965,2.65118283521482e-05,2.65118283519712e-05,2.65118283521509e-05
"45",1.94607489359951e-05,0.00011376015980527,0.0838481960621094,0.042750970997772,0.16707442980798,3.45640991760555e-05,1.94607489793173e-05,0.0153701586747351,2.91904162908051e-05,0.00724374184605624,2.42844115092623e-05,0.169651141443906,1.94607489332252e-05,1.94607489359958e-05,0.139967223073695,1.94607489359936e-05,0.00115005051060682,0.00626407924187754,0.131286132517445,1.94607489350529e-05,1.94607489359853e-05,1.94607489232375e-05,1.94607489464447e-05,1.94607481951315e-05,0.0541862766390189,0.000157140148072826,1.94607489362348e-05,0.177000399149584,0.00271151606161183,0.000922676501156304
"46",4.04992925944213e-05,4.04992925943758e-05,4.04992925945882e-05,0.0235629800439696,0.12976322159054,0.330815563779814,0.0528494045112942,0.0290107445524896,4.04992925944285e-05,0.0390002900881217,0.0371862113637451,4.04992925944143e-05,0.116538789711336,4.04992925944216e-05,4.04992925944255e-05,4.04992925944237e-05,4.04992925783861e-05,4.04992903024386e-05,0.134413963359577,4.04992925944208e-05,4.04992925944228e-05,0.00338924303379209,0.0386308462118214,4.04992901545923e-05,0.00740223758886584,4.0499292594419e-05,4.04992925944218e-05,0.0567480161952711,4.04992925917096e-05,4.04992926016754e-05
"47",0.000572932966592174,0.0436418843646384,0.0942187345229401,1.947609618144e-05,0.0241696217257823,0.0632601234113962,1.94760962017879e-05,0.0942821884195085,0.00238824056108457,0.00758030265212282,1.94760961814727e-05,0.042754531898716,0.116098315625862,1.94760961814438e-05,1.94760961814359e-05,0.0579647527957603,1.947609616299e-05,1.9476096726179e-05,0.122603475742911,1.94760961814304e-05,0.024479120298648,1.94760961861568e-05,0.0279955445283198,1.94760970060068e-05,1.94760961814229e-05,0.109007515537301,0.0191449593983385,0.149584566298343,1.94760961838176e-05,1.94760961790834e-05
"48",2.66836168637632e-05,0.0269546628601664,2.66836168632764e-05,2.66836168637548e-05,0.116780408157904,0.167173546297491,2.66836168541899e-05,0.0268653669867443,0.014761344912297,4.67598629126322e-05,2.66836168637671e-05,0.148736003676809,0.00357528480846298,0.0546357614225984,0.179318480975056,9.43234675068227e-05,2.66836168966014e-05,0.00998307922389608,0.00539265464645708,2.66836168637374e-05,2.8671639497172e-05,2.6683616838014e-05,0.024138562256554,2.66836168431289e-05,3.55808818993906e-05,0.198875911819117,0.0195577194822141,2.6683616863786e-05,0.00275235683692751,2.66836168754557e-05
"49",0.011985851128582,0.0690193825954362,0.0428649194427383,3.89173744186195e-05,3.89173744441651e-05,3.89173744441827e-05,0.0519807540912787,3.89173744466831e-05,3.891737444418e-05,0.197615932802863,0.126774890542618,3.89415723136153e-05,0.0574540534453793,3.89173744447522e-05,3.89173744442316e-05,0.0226854907878276,0.0128658365484225,0.0563995055368682,0.0741929468104203,3.89173744441885e-05,3.89173744441802e-05,0.00196133485641766,0.0301314515182717,3.89173786703162e-05,0.0238565163730396,3.89173744387079e-05,0.024718036907216,0.194948229168356,3.89173744229714e-05,3.89173744441799e-05
"50",5.75901136543705e-05,5.75901136543511e-05,5.7590113654317e-05,0.0602243735556826,0.0100598765219385,8.2857529623525e-05,0.00248447750483956,0.00469816417543295,5.75901136543724e-05,0.145691145048699,0.102098972369881,0.136790734059236,0.0163588103805075,0.00770882752081504,5.75901136543942e-05,5.75901136543652e-05,0.00932313925197503,0.0386560472722889,0.122978024625947,0.0585259626105843,5.75901136515481e-05,0.00432461618901468,5.75901136543719e-05,0.00051109738723615,0.0299766639770898,0.0649320993674688,5.75901136543576e-05,0.183940619401552,5.75901136466002e-05,5.75901136543711e-05
"51",6.5181210688366e-06,6.51812106883199e-06,0.00809814059269959,0.00469840840848391,0.0525083930192964,0.319783992201849,0.0449263140277614,0.0493891867345761,6.51812106883374e-06,0.146381276382106,0.0494501664917366,7.69974139107174e-06,0.0316894212522277,0.0316320144637841,6.51812106883553e-06,0.025094832200924,0.0349322137240174,0.0253924974691099,0.0491392535241831,0.0597970029140666,6.51812106883912e-06,0.0354734542836957,6.51812106883349e-06,1.00914031233549e-05,0.0191983946169111,0.0123320653373706,6.51812106883022e-06,6.51812106884877e-06,6.51812106707015e-06,6.51812106883372e-06
"52",3.95769286200303e-05,3.95769286200218e-05,0.0460110694550991,0.0148852104190255,0.0321055153023978,0.261824307275739,0.0242341357729396,0.175686385741775,3.95769286200311e-05,0.0567395662907014,0.0788234702685061,4.4110903848609e-05,0.000103216869138416,3.95769286200297e-05,0.000188309132631899,0.0179583660515128,0.016656656024754,0.032595372224936,0.0132116777021199,0.0388740158380073,3.95769286200312e-05,3.95769286200265e-05,0.0241482087549017,0.0821659976252797,3.95769286200286e-05,0.0499855327977123,0.0130152163475159,0.0203874668434685,3.95769290291275e-05,3.95769286200301e-05
"53",2.70420753312327e-05,0.0901419914236485,0.0431218950778758,0.0101463383416335,2.70420753312118e-05,0.207607665027949,0.0659963023442645,0.0481088715419423,0.0139425385601043,2.7042075331234e-05,2.70420753312317e-05,0.021409918541759,0.00944140778068132,0.00892513562867273,2.70420753312356e-05,0.0360619251124325,0.0351750172621681,2.70420753438547e-05,0.00461073370896274,0.0111251814497862,2.70420753312212e-05,0.00758788571791015,0.0255403675926818,0.289642803792437,0.0194234027165754,0.0457586927814215,0.00596150484376868,2.7042075331228e-05,2.70420753322097e-05,2.70420753301234e-05
"54",3.94379406305509e-05,3.94379406305494e-05,3.94379406260538e-05,0.0752518107644311,3.94379406305192e-05,3.94379406305497e-05,0.0103921719700795,0.12782869119023,0.0207411732805359,0.0432970681829167,3.94379406305496e-05,0.195810581066959,0.0739729943983762,0.000435352684879043,0.0414069938872339,0.0278525975385737,3.94379406425067e-05,3.94379406110192e-05,5.34632213595321e-05,3.94379406305524e-05,0.0703771607671557,0.0356871214801634,0.0485327130439143,3.94379417493487e-05,3.94379406305436e-05,0.0506383767464625,0.134469592316945,0.0409255589794315,0.00175388067671824,0.00013888045559123
"55",0.00369662719993528,0.261084516954142,0.0590554056696246,0.0497428749721821,3.45443682408536e-05,0.00301388824108169,0.0247883733283756,0.135910657914826,2.7894094408676e-05,0.0947643631005444,0.0120238423190313,0.0732495290102112,0.00185991177652763,0.024445621566085,2.78940944086944e-05,0.0953270169701627,0.0205789843542374,0.002279321471846,2.78940944086822e-05,2.78940944086754e-05,2.78940944086786e-05,0.0271389377656824,0.0383568800484316,2.78940942294288e-05,2.78940944086772e-05,0.00440505238726031,0.0679637118400743,2.78940944086882e-05,2.88918919986677e-05,2.7894094408676e-05
"56",2.78764340743648e-05,0.0362574597057533,0.147285485592691,2.78764340788532e-05,2.78764340743716e-05,5.85780748412805e-05,0.00342149080488926,0.00740340192745906,0.175738508133499,2.78764340743521e-05,2.78764340743646e-05,0.0332868701270025,0.032226780550026,2.78764340736923e-05,2.78764340741945e-05,0.0524378130189168,2.7876434117677e-05,2.78764340977089e-05,0.0687996563130116,2.78764340743868e-05,0.0733519330674552,2.78764340743639e-05,0.0444975906900092,2.78764353893e-05,0.00660855904612598,2.78764340739846e-05,2.78764340743648e-05,0.31277810682292,0.00542961961289901,2.78764340743649e-05
"57",2.66920121254045e-05,0.102725812332669,0.0364797130398947,0.000155654685330472,0.110832803764811,4.14161490919954e-05,0.0173618316906171,2.75722407452849e-05,2.66920121254035e-05,0.0219132860690762,0.12181611707029,0.0782867817774487,2.66920121288869e-05,0.125248818105532,2.66920121254256e-05,0.12503066349504,0.00114297440985725,2.66920120865858e-05,0.0600196924498672,2.66920121254519e-05,2.6692012125397e-05,0.0204278486817229,0.0409683959890134,2.66920118283246e-05,0.0206055394356971,0.0441463312622572,0.0479893692021079,0.0139119146688255,0.010627235371308,2.66920121254054e-05
"58",0.0124606777288158,0.0584797695895229,0.00667957264351082,0.0716126318550173,1.93589255147494e-05,2.73231239922667e-05,0.0205196759311662,0.00801025975726039,0.0702530332972234,0.188627601962904,0.0793951831659665,0.0831600258425403,1.93589255105739e-05,1.93589255129962e-05,1.93589255143358e-05,0.000326849183635154,0.0554341910059551,1.93589254900411e-05,3.482257696562e-05,1.93589255145279e-05,0.0582194508145221,0.000377290238371841,0.0176524216831771,0.0103949567770267,0.167320575750752,0.0140264902323989,0.0768129665096724,1.93589255145017e-05,1.93589255169927e-05,1.93589255144959e-05
"59",0.0072328225649271,0.0583126326324117,0.022498393146581,0.0387180769391973,0.0435068866352804,1.95047908877547e-05,1.95047851140042e-05,1.95047908877559e-05,1.95047908877364e-05,0.0602352967234149,0.215123972238157,0.0355245538909432,0.00653533588698674,1.95047908888318e-05,1.95047908876288e-05,0.0371465598561356,0.0800786232770065,0.0559410740037194,0.052981815320778,0.101293525528785,1.95047908877485e-05,1.95047908877542e-05,0.049068425567851,0.0220152791778003,1.95047908877565e-05,0.0501117175276544,1.95047908877587e-05,0.0606313130374045,1.95047908850966e-05,0.0028291433509761
"60",2.79126639331253e-05,0.0383796481892283,2.79126639331253e-05,2.79126639331526e-05,0.0421425667812952,5.97174255683952e-05,0.017165333941974,0.115413253885227,2.79126639331233e-05,0.100463549214402,0.0800192406060571,2.79126639331154e-05,0.000579582764988058,2.79126639329809e-05,0.000328521758661331,0.0196198513606385,0.0292636931368479,0.0169286972344972,0.027722894631249,7.06134316559521e-05,0.299084996574561,2.79126639331256e-05,0.0719293685214281,2.79126655353293e-05,2.79126639331253e-05,2.79126639331252e-05,0.0267993756541111,0.113694142918042,2.79126647062667e-05,2.79126639285811e-05
"61",5.61796498683157e-05,0.0489277658664521,0.0397997992737385,5.61796498683023e-05,0.0695464213805282,0.0807708942670115,0.00215511047318726,0.106015766296612,5.61796498683129e-05,0.226246500656646,0.0963623310906709,5.61796498683179e-05,0.021912500788923,0.0589228849493937,5.61796498682806e-05,5.61796498683138e-05,0.00929511529212482,0.000550926575934819,0.0415394240819206,5.61796498582124e-05,5.61796498683124e-05,5.61796499648065e-05,0.0101596238178424,0.105426064281494,7.34872592340398e-05,0.00812987137991405,0.00827018293701418,0.0652773531827194,5.61796498690087e-05,5.61796498683155e-05
"62",5.51837049255025e-05,6.73862582393801e-05,0.0279572370105071,0.0483496391317355,0.0894640532352543,5.51837049255025e-05,0.00576694456875293,0.14826484194979,5.51837049255023e-05,0.153920186167585,0.0961467554410947,0.0842764911698382,0.0192322916389589,0.0188709111787218,0.0301567222250566,0.0603563485036282,0.0122729909676822,0.000200533075179469,0.0147714675363999,5.51837049255076e-05,5.51837049255032e-05,0.0226610171147746,0.0076259466283767,5.51837049371457e-05,5.51837049255008e-05,0.0292160340645487,0.129870365084588,5.51837049255018e-05,5.51837049457592e-05,5.51837049255022e-05
"63",2.20387045575193e-06,0.242213708783533,2.50092973575214e-06,0.0289137568836559,0.0646978437506349,0.17947558601886,2.20387045720884e-06,1.22465515051781e-05,0.0482386582233587,2.20387045572464e-06,0.117741686155685,0.0176984059678985,2.20387045565745e-06,3.2857480494733e-06,2.20387045587828e-06,2.20387045578745e-06,2.20387045678342e-06,2.20387045543578e-06,0.0012905176165983,2.20387045594641e-06,3.70745021889287e-06,2.20387045575028e-06,0.0800645477635425,8.71341376696607e-06,2.20387045578002e-06,0.219601776686118,2.20387045576667e-06,2.20387045575844e-06,2.20387045575215e-06,2.20387045575172e-06
"64",2.80341781127171e-05,0.0212531052984346,4.10777156480105e-05,2.80341781122137e-05,2.80341781106114e-05,2.80341781127734e-05,2.80341781027247e-05,2.80341781073644e-05,2.80341781127134e-05,0.00784501123305808,0.262527623005139,0.150694061579858,2.8034178116036e-05,2.80341781256857e-05,2.8034178113334e-05,5.29166777712002e-05,0.0152919350081235,0.0355703538837594,0.283874229617479,2.80341781127722e-05,0.208167532330213,2.80341781127625e-05,2.80341781127593e-05,0.00214623684422815,3.91732907195698e-05,2.8034178151476e-05,0.012020162487615,2.80341781127448e-05,2.80341781119261e-05,2.80341781127473e-05
"65",0.0215744224639735,0.0222844172184161,4.00791472188094e-05,0.135647223542551,0.155515921544786,4.00791472224005e-05,4.00791472220882e-05,4.00791472223669e-05,4.00791472223935e-05,5.23473410732798e-05,0.00790225515497327,0.169905001722978,0.00662084946892099,0.0097792168343419,4.00791472223663e-05,4.00791472223466e-05,0.00321211809915274,0.000488728272299775,4.00791472223443e-05,4.00791472223367e-05,4.00791472223954e-05,4.00791472223452e-05,0.0403398119648702,0.000990279443210191,0.0606501860747317,0.0397935094217907,0.0175019227931802,0.298955227970278,0.00632091818890622,0.00202477186012292
