,0,1,2,3,4,5,6,7,8,9,10,11,12,13,14,15,16,17,18,19
0,0.0007635609847470512,0.0019762799514149157,0.004549750573857809,1.0513280420485626e-32,0.006669614796221789,0.00035842955503141596,0.02278298950037755,0.02016430373342609,0.00025662151389196295,0.0858710856725812,0.03712660935924707,0.024745081377398226,0.02424403307970055,0.18477758409320952,0.06495882477173141,0.0201909995466236,0.1503105530025924,0.12548631804575994,0.2057939675385234,0.01897339290366416
1,0.061947952889313984,0.2927198261237465,0.020454424960816835,5.613275071840126e-06,0.004744569252060318,0.0047264364349293144,0.24122314119235205,0.029949759871119492,4.166835857462315e-13,0.003712080634133699,0.018265358634172012,0.017752050053630477,0.18308357148165974,0.0006350806248726214,1.5267329984791419e-13,0.08723780998073201,0.017127193660690165,0.012632632885848897,6.382700538268279e-11,0.0037824979804538523
2,3.718032942764404e-06,0.034529544211227614,0.00031487284433248365,0.00032375693774640345,0.08364191794310016,0.012610829524173287,0.07351302670339141,0.012581944020228768,0.0017973557864892921,0.006684292982101191,0.101187100818545,0.05300870206118561,0.2183476567862461,0.001302570622699723,0.0001794683856495429,0.18466380376846717,0.002640878169580013,0.07944598797718871,0.12605323190724957,0.007169340517455262
3,3.3840509964221265e-06,0.011399383712797688,0.003823204630605643,0.019399886690578617,0.026671698477670203,0.07728865256560842,0.007568540986364834,0.052433492687259796,3.859815294878889e-12,0.22138956250236702,0.15348306737162978,0.006013598421485648,0.033178009806829396,0.0019113109000731933,1.2766704846276999e-15,0.08881928014402404,0.28984439989652255,4.784668201409392e-07,0.0016563084171227855,0.005115740267382817
4,0.3300481556983692,0.03899389792614024,0.03579091945725097,8.271573716460508e-10,0.055445423078261113,2.014243444309711e-05,0.026059126405342838,0.027293474727322593,5.1148691982109106e-23,0.09112933176951052,0.061105446502829,0.0016849966976789634,0.182511796669091,0.09792469450862296,3.750489420099785e-05,0.008328398895274914,0.037188334753009276,0.004299197328691321,0.0009787469204803252,0.0011604105063231084
5,0.000641681492493458,0.00789253616327607,0.02255364591862999,1.3788389970371093e-08,0.10394591736102965,0.00037455937763572884,0.012022678477510467,0.13607994029847406,5.748275109214969e-06,0.1162276614104854,0.045865949934705545,0.08300421699751859,0.12103694505102633,0.010367874099329032,7.239864161049056e-05,0.2177533332834679,0.007036485225596342,0.08291317945863248,0.02949361060760892,0.0027116241374703673
6,0.00384032884024618,0.0006889753409840386,0.00010770016533271455,0.0821511935344373,0.04009672505944086,0.1065016154399695,0.004583497097094208,0.25713862766070894,6.154598931577081e-06,0.052272947845960066,0.010943988245764223,2.8152616531605285e-06,0.020482980115167738,0.02573051733176894,0.05748377074465146,0.06178325957906765,0.2612725984173718,0.014653143703427353,0.0002510207856880876,8.140232334130069e-06
7,0.0002355275379686673,0.0027614880175725488,0.006359347808909959,3.7018552161789622e-06,7.4002839142523065e-06,0.000642844364659881,0.09532624881910215,0.059295256561256074,1.14321494867187e-13,0.1553799834747844,0.268554118101428,0.0007936623689471897,0.021025181185819076,0.0646645816292163,2.5843806447514917e-11,0.07134488294577321,0.19656239923497948,0.037071194647385515,0.01897132894335505,0.001000852193753969
8,0.009997155959714777,0.05960918032030801,0.010928308765293649,0.00035182261400800927,0.1116865938734234,0.038369229837744094,0.1711356995597364,0.01258385455642107,9.713468928665151e-25,0.0922774835891965,0.002797110005900213,0.0013151146341264432,0.06959469424669351,0.05384994219679913,0.01680868658762875,0.15781631253151263,0.0302240420068232,0.0022257234593143914,0.1240045894362652,0.03442445581909071
9,0.0015247181878033258,0.004444420550345774,4.107681443820169e-05,0.002746357364669666,0.007908865466895575,7.117743460296619e-05,0.07332605192743427,0.07579418511292398,0.0019461822026613387,0.10369453474261045,0.0810131481347057,5.686898404623855e-05,0.18977119133527712,0.04436474877416726,1.0426222584739187e-11,0.2888829188638417,0.07600687402560241,0.016341941332377503,0.02880029638087549,0.003264442354294974
10,0.0017416703705133599,0.22952564465851724,0.0016593430565792237,0.12825236858473052,0.019697802498400502,5.107538511043366e-06,0.1284173106793709,0.0019475799239497768,2.4491162055868688e-09,0.025745869196788687,0.022764706847978256,0.0008136863592476312,0.04628166587198962,0.009313625686863457,3.287740650966447e-07,0.13675369912233384,0.034448632862611475,0.042846752364344015,0.11987917678934862,0.0499050263647405
11,0.04924738300176992,0.09800298958023165,0.04453657859787652,0.0011194477147665547,0.032480314192024275,0.06731644040751353,0.031710117248640445,0.22406274056499664,5.386519269369993e-12,0.12515034147023385,0.0024733934271242877,0.03637480038831411,0.03904517152073956,0.004949948149831683,0.00012623361318579688,0.027127850375503176,0.05350674245124019,0.04947892923336101,0.09221946335122044,0.02107111470603973
12,0.0009363151497391981,0.05698455180079991,0.1412494208491504,0.0009171276547140047,0.06670811095156397,0.020122696536750136,0.14809789833287723,0.015875022961887184,7.731688855018746e-06,0.10313774080037019,0.08467625486167693,0.008247328691956103,0.004640577155651749,0.12182718466372583,0.003758834861574259,0.006154172623982481,0.05256458381587531,0.08708742106806472,9.467922705612727e-07,0.07700607873851499
13,0.014673123740749087,0.10416282549666135,0.13065006422830566,0.010429606543817558,0.10956160995546162,0.0259873003104072,0.13912009402099818,0.07449830805690737,2.6377082497508423e-05,0.030906247382888694,0.14706464581842715,0.011023419659910346,0.06965085886745515,2.3551224394387275e-09,2.6075485744315448e-08,0.08351259621230055,0.041651849219366335,0.003945488332399208,0.0030959535328067035,3.960310803230054e-05
14,0.0037640689271496892,0.04099682394720529,0.00018457311429044036,3.4346013500777427e-07,0.1549558561683239,0.005111411893624902,0.02867239948918379,0.04846231816872064,9.995649811889825e-05,0.11453084849818804,0.1097449017650752,0.07580558861943477,0.12051754579563181,4.1417291494821736e-05,0.03344512759051434,0.0011663145048683363,0.06815239847123701,0.1378740755918153,0.05633118677551519,0.00014284342947260733
15,0.023856565045061933,0.002970733028774842,0.07041973248980306,6.264096482863743e-16,0.06253318853961604,0.0006742046727216876,0.02069571863645561,0.032826884376072105,0.030377186332593956,0.09894206003340869,0.006562883389410894,0.009603661799431586,0.20645880252395316,0.0013361658119095112,9.514495333957163e-05,0.04893894279398892,0.021657228440807776,0.3479927654524539,0.014047701398716467,1.0430281479554088e-05
16,0.01163135869272154,0.07562861172407823,1.3222190676830389e-05,0.003526154738593788,0.04593395036803227,0.0002497514692273656,0.05297731267696938,0.028371266809386772,0.007128308625339147,0.11943273312083866,0.03367844578405192,0.11772665217395441,0.23329117390905188,0.005666362060074263,0.0006095771493593287,0.018418037219949918,0.1984528669506765,0.00923331477526741,0.03668276927956739,0.0013481302821829629
17,0.0037023966221185604,0.1915476432331648,0.03353049219073105,2.8161497575808843e-12,0.0039805565098433495,9.3395363663037e-05,0.240738648110582,0.05129765617924396,4.174764022355112e-07,0.07227304459866085,0.0032563182360839773,0.08146725869440585,0.1868677416191585,0.02507159677662563,8.485706197097302e-05,0.0058305042357526,0.023279077711565725,0.05945244090821279,0.0001215605324900919,0.017404393936507872
18,0.0011324029084400107,0.023162809667256746,1.31470586486516e-05,0.008530249503927292,0.02542140699671936,0.2164953745482231,0.05440842836932795,0.16760337137100095,1.956263623491124e-23,0.1637690744094511,1.336416083218039e-05,0.005364005333343517,0.006488477608592925,0.00965951326487187,0.0014915426399173951,0.0906233752304708,0.006948929520353499,0.08343666932412214,0.11295731480094796,0.022480543283552385
19,0.07045400030301568,0.012754442038474525,0.0038328569138140578,2.7519516441026376e-22,0.017635030732474143,0.1406582367001891,0.09888485699764696,4.573922328081311e-05,3.6217866121528997e-13,0.054466202853344935,0.054463238421958785,1.9369056005718486e-05,0.13222133260436872,0.08416881374801695,2.5382939996049133e-09,0.15349985235618874,0.02673156121889742,0.0908699872540688,0.008817270415976136,0.05047720662362232
20,0.03047632618556275,0.14425043713139687,5.787032783787655e-06,2.006040970949465e-07,0.035245078453079046,2.111752550115904e-12,0.007872409008775378,0.004088875121543828,2.907640291000982e-17,0.06527444731375111,0.048756568856815,0.0006567850908615059,0.3348318305524787,0.003878704793568795,9.425051872539519e-07,0.2312540169824881,0.018678981584615832,0.07470783746656942,9.291129262972665e-06,1.1480185050750685e-05
21,0.008976266915987557,0.17229629019611833,0.005688261086181184,6.677867156796192e-05,0.1414018142737048,0.17730155646794504,0.09462983067976556,0.006238593006985689,0.05821024809511758,0.07534294626972271,0.009234617635290064,0.019960537282037404,0.17898610549941427,0.0024014504166776983,1.8205008652609842e-13,0.007783421045301003,0.02962137382122059,0.010322565483037366,0.0011883137763023912,0.0003490293774407338
22,0.005145228392459901,0.03370525121259787,0.04572449193858123,1.625615047951521e-05,0.029043790444331436,0.0014912988500973504,0.21385107576049853,0.10879144097287599,2.8076490372814264e-05,0.01936765988991353,0.024771321307493963,0.09852167389077034,0.13389441893301335,0.0006268504991988027,1.4466355188463984e-09,0.12151099868768056,0.0048068820955645365,0.044208141205146934,0.053784503358563496,0.0607106384737244
23,0.01595830889759642,0.004399874442054874,0.08389840544720664,4.753488876084475e-06,0.05348857663782083,0.002165979400058483,0.17537981040599165,0.03983720816122217,1.1841111168213677e-12,0.13591516016079125,0.16041765686658488,0.020453529235010766,0.05593477483170161,0.06163534358761483,0.004498169724285337,0.024753230055313876,0.11666505793178227,0.029243603536719884,0.008517829913088176,0.006832727275095875
24,0.0015229154101324112,0.0022913155642908115,0.02068682995230152,1.6833621160310497e-21,0.0732985553642505,0.0024654886661198364,0.005738781475458942,1.6499926451938792e-05,5.991519845723803e-34,0.2337572066794344,0.022863310666468184,0.24181193555585553,0.14829910767817123,0.022575620225987452,0.0002460046182318723,0.003222578881921804,0.07331357613054572,0.10963461287334064,0.007058042529289631,0.03119761780174757
25,0.0001055212422583198,0.1634749004715438,0.08671532569219906,6.469229767982687e-05,7.284594559667703e-05,0.1294435310906974,0.023181177517842523,0.006471016654134796,9.127759008158587e-09,0.06444588654928894,0.03978088042601128,0.02439761182488093,0.1057375511461983,0.00021128644577836201,7.815236605290409e-08,0.14253840557455602,0.024857337522632268,0.01010265938911728,0.04789101066845012,0.13050827226100906
26,4.799612881358996e-07,0.08805595581854207,0.03628768784136868,6.480358177008189e-17,0.08244543481733047,0.0004429401522612329,0.06723358970918884,0.10712785485144397,0.0018609077405569237,0.1813463313569176,0.0042658573584917,0.18401940864958452,0.042894585939971745,0.016808125545397512,3.679368773829228e-06,0.020732656187098585,0.029701992315713646,0.09319328284765731,0.03231718282658139,0.011262046711831775
27,0.1210357184999077,0.008604230320483441,0.10697088344486953,1.6696217715833643e-10,0.0001162452032055135,0.06771480092093786,0.10869160287916325,0.04772901638348965,9.191293797911921e-07,0.02775700252499381,0.0025613845146226525,0.016773198520489346,0.07658165488120043,6.82111893885611e-06,0.0003680077590984198,0.33771312896330885,0.00024794477220061486,0.06020439837287378,8.072017019601196e-06,0.016914969606854596
28,0.0017195490005969152,0.009130812631912715,0.14121113001334915,2.94474794302626e-05,2.2288446669587474e-05,0.0015796271597506612,0.07185076716849242,0.07028957464485788,4.478696197569257e-10,0.13318744688564674,0.31962540692744856,0.0373876058897971,0.037120165342800784,0.004913250218703116,0.023412724198372283,0.05001837228361149,0.007732025528185998,0.06829239265412851,0.022345681905824085,0.00013173117255222693
29,0.00017361162668572223,0.057186086318299176,0.015099580057307263,0.017732315833715304,0.05798315991981703,0.21041713507223453,0.2557878303903146,0.0013510891168975886,6.353741457431111e-21,0.0107519061660693,0.008639436521315642,0.0046887189409335105,0.17671757657911188,0.00041438901717601265,6.535427111375788e-10,0.027924605491453133,0.00010481920924166764,0.14346595025085226,0.0005433374945329163,0.011018451340499757
30,0.00017966780815647295,0.038497153178763406,0.00078231064987452,7.592993735019083e-05,0.021316930124558903,0.08894417718366648,0.08082821434792951,0.006275697947632196,0.0011079243538160363,0.15330950999512444,0.14562863504560183,0.0004623458333539579,0.09825901070480686,0.037597060970127986,4.440181701237852e-09,0.07319989720553895,0.022547243206301783,0.191179424767409,0.03450079919024312,0.005308063109562594
31,0.020320533855922234,0.027635956058524435,0.002090432661352321,1.3604760772888853e-12,0.3047922290844337,0.0012249649722921537,0.027639324621644756,0.04074573995724806,4.733514390010192e-07,0.14940288065650686,0.008987786100029158,0.02633634878181444,0.03038268765088446,0.07121653844139028,0.0009026445706233738,0.18011674154819812,0.0003229506024577714,0.07256593530971553,0.01460175811687048,0.020714073657292453
32,0.011075692403280404,0.056823587388188816,0.023876941311695668,1.7294383046599857e-08,0.0486579437246117,0.00018213315481981703,0.07698559286295126,0.4610931248166571,4.5039463519069664e-05,0.06936405338855915,0.007002326766780019,0.005219518534575915,0.046196332093112295,0.022779339666589807,0.0005517476714406342,0.031517608794331686,0.01737915787349487,0.05945979142548974,0.06148733203928512,0.0003027193262336937
33,1.3614997432578521e-05,0.0020818676485988737,0.021441378481805655,2.1008961647132777e-06,0.02915726785907695,0.010792979650288699,0.008721890578025625,0.121341236260884,2.174354463818631e-21,0.004307900355120618,0.16422481976905426,0.0002749656270546934,0.009896710252140757,0.00268859559056261,1.3930153255973452e-07,0.10737123863677267,0.2434027860064853,0.19230610154348066,0.008073927070815685,0.07390047947470323
34,0.005025728129320798,0.053242470989409076,0.005267309187129631,5.3430608932141556e-05,0.0007025296978753186,0.0038667110535171505,0.11676896750660264,0.010351116882268783,2.3671347454044325e-30,0.08903712475338914,0.15479408399724862,0.08928963387060092,0.19492027141841045,0.0003677251527255969,9.053712638854016e-22,0.01784543085234153,0.07833544592508591,0.013515387045573169,0.0009007661560516302,0.16571586677351763
35,0.04522190465188723,0.006950515279675128,0.03797112355106398,8.077991711082603e-12,0.002106773962511715,0.00011616126227071993,0.034722494422604,0.01170230246614233,0.10932957290517391,0.05913347943389499,0.22715692812539018,0.00019639205728314962,0.006820815014981461,0.0019246091759906674,0.00011371840604213938,0.1711948191642822,0.24403633522327822,0.0013718884079254366,0.007563792258877292,0.03236637422264728
36,4.045550813326524e-07,0.23750402791701714,0.06883010954989695,8.038979805117747e-17,7.307950416164248e-05,0.02967924547082154,0.032977609581262834,0.03914795038325519,4.488345227003188e-10,0.06717157005016608,0.049768736735984205,0.013820778966034826,0.07765631653784243,0.07997052828645844,0.008651894733406572,0.14278232055938284,0.015360655373222216,0.00422924982132758,0.07790756794052428,0.05446795358531936
37,0.0009716036295683148,0.27646519663152874,0.0671181637200099,1.3846164623939413e-24,0.03813918797069409,1.44171248072953e-06,0.11171442584847484,0.008973333593046272,0.0008037561357391037,0.16289587379230408,0.07869385802417525,0.039713170710832364,0.05542365283767758,0.00891159818510764,0.00859943194241992,0.007809690089267318,0.03880553866646832,0.02082573911827357,0.07409263727649637,4.170011543543858e-05
38,2.55729506532769e-06,0.008949834745944095,0.00017780964778095203,7.839138020482807e-13,0.0940639683700027,0.0004735589797327872,0.07242071943444434,0.21995504181885123,1.4390329481792364e-06,0.15182681891781524,0.06278240197255129,0.07877373196723879,0.014929988344805736,0.021091497539950495,0.01796181282803354,0.049618184191104434,0.032489566465289624,0.027089595310005345,0.11590146159159613,0.031490011546055754
39,0.00022946178053350708,0.00765645144950422,0.005246995677883115,0.001305533259220507,0.06285818008688732,0.0015009836548644177,0.1690359378576491,0.00694037526078622,0.009823091599980393,0.19107093822963514,0.008232967275605976,0.061527191795985675,0.062211642128229175,0.28527902476273787,0.010572108738379583,0.08335344777634644,0.0007950233360815866,0.027559145663183827,0.000217143969868811,0.004584355696637004
40,0.0009233654867113423,0.0453867773593548,0.013124557037088674,0.008216356095240615,0.010617294110133135,6.245277072981617e-05,0.01394319125554115,0.004408409637144312,3.7839907457690944e-10,0.0695783355916398,0.05434156892140529,0.0006463005627503315,0.07608330858920762,0.06012748644928136,0.07844675815972058,0.23307166679456642,0.0014228699968839127,0.21367998773636998,0.11591929862004496,1.4447786882062388e-08
41,0.0037668977419029748,0.07995039983967361,0.00615281215948455,2.426995062308096e-07,0.08016606727089116,0.08065731504203966,0.038292912545383175,0.015479630785384826,0.00134470230765169,0.15532743889355288,0.03305765723543379,0.07270128677106448,0.08515209920471445,0.1307132637875054,0.0002657974524256568,0.011184378386218306,0.05170214141447593,0.07142870633659289,0.044880324971315576,0.0377759251547828
42,0.007497004944183685,0.008056024090997255,0.0074483245467712785,0.018927207715308713,0.011819769917429468,0.03378707778131763,0.14605524976452017,0.007765089041708934,3.8930843650650386e-05,0.18750196467311062,0.024329816255773146,5.707541826365138e-05,0.2075040350182812,0.04078881886426336,0.006658861212790381,0.06344524174818172,0.014408585781323252,0.1862998272329675,0.002477423261455365,0.02513367188770203
43,2.6070800881128597e-06,0.04091232346654632,0.020614163770143665,0.007007863500620252,0.07245313763452467,0.024575371265165655,0.019561784631963737,0.01976233860764552,2.0446667228149913e-06,0.2600956687558325,0.04399012688159765,0.004610798841153492,0.012770457267841137,2.7692721979240978e-05,0.00010877191991146957,0.020268149818824178,0.06257502718982187,0.09309572076793744,0.03491178256034823,0.2626541686513318
44,0.0763338651209726,0.008957014193310962,0.046378929422263765,0.0007242337912680523,0.0014059193973785904,0.2286378890117069,0.007451084073401446,0.17658309925099852,1.0089979225865319e-16,0.08345594942933587,0.060789283310410655,0.034386427011553304,0.018105690333993694,0.004044130294739899,0.04735122838642302,0.0806156828136013,0.030660760515929877,0.07628296616048587,0.01702119680094113,0.0008146506812843644
45,0.004159824654294473,0.05489104452650627,0.0945130186321042,4.532846752799837e-17,0.12514691759614208,0.010305676463097938,0.07999292321594967,0.032560097252609256,9.397255824967419e-32,0.04807701710708346,0.0013398348612225393,0.004817280951626079,0.059037041511311575,0.08549658895060958,0.009181256710746115,0.01762666320375564,0.2218583661542204,0.052600289823653744,0.06507481449461712,0.033321343890449745
46,0.00018839088950939356,0.025356979687028113,0.061961541041881056,0.045367910584372464,0.25410145413830554,0.011127618340495823,0.10055343225674551,0.05227854799480423,2.4802079523705458e-12,0.015019321151075774,0.17086156546056616,0.004272817999001753,0.0960928389421553,1.8924325466739036e-06,0.011061486250762965,0.009424725906434827,0.033327501681591994,0.04447328116103512,0.03348947693850577,0.031039217140701375
47,0.019099043079788002,0.14053708494935638,0.008648825408768572,0.01942345035776225,0.04380318725169543,0.044000423139738,0.18787990143205388,0.0008480835098233115,1.048628644579944e-32,0.02007151083522624,0.23764666048219035,0.001758490979803254,0.00685967906338265,0.008474097927615717,4.3052210258715824e-16,0.024225798227853458,0.10723993714276624,0.03831222303790618,0.0010976291001813928,0.09007397407408842
48,0.043640760575842784,0.0016471106506106472,3.7210110656716874e-05,1.9555844875087775e-13,0.13344644873471262,0.0033172251597102893,0.11079885639820058,0.2030047899484451,9.293534340891504e-31,0.1592683817191412,0.02998034587560845,0.01249280511005427,0.16190080998286488,2.238556913111383e-05,1.824324711693164e-05,0.06139098753339581,0.00801728293576655,0.001081352717609051,0.030739102458549043,0.039195901272388735
49,0.0003328809262475236,0.06609345512613964,0.0024478994449787426,4.519775162704313e-22,0.038531237368415176,0.018309261685015565,0.04563377565109133,0.2788082423544241,1.1733807244631706e-25,0.13208103197934334,0.0015125816609129648,0.004594226193613011,0.02037587773525218,0.00023493443963397314,0.14016891938029127,0.1454119615179343,0.0018450480135518905,0.030042784557485085,0.0156842014286194,0.057891680537050676
50,1.5381131359766882e-05,0.11222357549077974,0.19178790779809762,1.2190181927261284e-05,0.05654818735415518,0.00033607103710272293,0.06424861759739602,0.046886535167714447,7.039979137387217e-05,0.11944911191425447,0.049740382828005726,0.1430241434838652,0.02900029815200154,0.0002611788980979951,0.0010764034836138702,0.10926735381290949,0.027502707778021357,0.04395215999184627,0.00011417221302304627,0.004483221894454459
51,0.011558976749441816,0.006557035694699638,0.006988589423211669,8.215673670886134e-14,0.04133228647293723,0.07753827599277854,0.11567540021921854,0.013332453604020904,8.873915625055208e-06,0.01452900316527903,0.19164080898057284,0.1420929583038435,0.10105786442720952,0.001506800126766175,0.03060800822409144,0.01580817956031359,0.004224179750358649,0.045829008999728554,0.16709288111390855,0.012618415275912405
52,0.00018867201222337986,0.008604194617765923,0.005719594457017406,3.304742224725237e-11,0.007963273308147181,0.03385222232448486,0.04088454613107149,0.3019845159435118,1.458313594423108e-07,0.012080604661484131,0.1753286998672223,0.0016267037981895491,0.23440203289879663,0.003951798954590787,0.0003828868955101265,0.008607424744173291,0.08224600464589854,0.03989008483613297,0.02815389714958405,0.014132696889788618
53,0.00027905038898508826,0.0037246167981309602,0.02202286646691013,2.8118271546591485e-07,0.012085280709236012,0.05159572843482063,0.0017346411553007248,0.10027061648177392,1.7916739399208625e-24,0.3347428704154464,0.0599143162865422,0.0003253689911174264,0.06418679123004122,0.0386545996061113,0.10805457424829186,8.074888684879981e-05,0.06663102680383592,0.028578425428473504,0.025061505506759545,0.08205669097865857
54,0.10913133239533171,0.003764253873112501,0.013301670534333124,7.34044872346971e-08,0.11530209826777998,0.015849146542412575,0.00785101582568828,0.1730063215590672,4.330907407078222e-25,0.25608648815069457,0.0090804607850797,6.476804666332955e-05,0.003675253931958003,0.21914112390612192,0.014991720382206426,0.02572450803158239,0.0003367280293385237,0.024064988454535065,1.2424659904695885e-06,0.00862680541361714
55,7.56613707504995e-06,0.021177948911661488,0.076609698047261,1.3878546924512562e-09,0.01372053152404988,0.17059294386100615,0.3057291913518655,0.014051695953608138,0.06554739557909811,0.03537979368224143,0.0018918229855202924,0.021299208807299273,0.05228428099492554,0.01887337494374318,9.161925027905053e-14,0.08511940861240434,0.006353966128392182,0.012453705247004643,0.0368947266562963,0.0620127391886012
56,1.036404070916612e-06,0.0625840294170517,0.030589984541664852,0.0015561587956095984,0.024711226544225324,0.047664105772089876,0.05511121403942304,0.011330177635437944,1.407071184397652e-07,0.1736828618560805,0.1252786314595991,0.11092772348117394,0.12245064680853249,0.00842327250662178,9.47178465686882e-06,0.043155893508454383,0.15910613329279275,0.004413310208276986,0.016304317678411676,0.002699663558708167
57,0.013939013864939124,0.0011063910739726296,0.008793845727362373,1.9775934180538915e-08,0.0069953230588045145,0.07369785612899986,0.15330643238088676,7.7189362225982e-05,9.982971031063794e-16,0.050254625578801476,0.024638416561411528,0.0022577653100619576,0.031526294188473164,0.011488417631677676,2.927664870155066e-08,0.016144654809945747,0.198646806696045,0.37036009409916854,0.028007970088321857,0.008758854386317873
58,0.02582569755957093,0.074052691083712,0.10135214367092471,1.6130944896191666e-11,0.022665426136092345,0.00010289970423391602,0.11058701558061192,0.07820725776255352,1.5361983660882813e-07,0.003987629388009611,0.2185528968070502,0.00024328936546853753,0.06750840165346615,0.0036792012238151877,0.0001055096164256764,0.03405293613602072,0.011023247542012919,0.029854603501156447,3.776233498816491e-05,0.21816123729791956
59,0.11111408284829272,0.07189325098930231,0.00023675329401851716,0.001556163579663862,0.011594798562617517,7.38943369657092e-05,0.017577603691885026,0.026562935876801353,4.30414564168541e-16,0.053475748997538014,0.024906946664414155,0.1977195183787782,0.02565762456653862,0.0007054733148681726,6.478093314483288e-07,0.12951125703282662,0.012472998455690486,0.24114399028909625,0.001226463995973247,0.07256984731539717
60,9.504229436769869e-05,0.013644048160408415,0.13538641761353298,2.644157282345451e-18,0.08639279437243415,0.0011761525511565943,0.07480236520284356,0.0019825897301476436,4.839979963622027e-11,0.22776482470925555,0.05599641741419372,0.0007855524216479349,0.08856886555015377,0.0022955864613408337,7.943369557872001e-05,0.07969235331453335,0.019222505719052447,0.1853278903879761,0.0072218370921489404,0.01956532326082749
61,0.029429988039116044,0.05691547684797954,0.004851547698067038,7.25706124829386e-09,0.0037884513011660877,0.014013825748067367,0.0003244068973548791,0.004149414186907155,8.458129501135806e-10,0.04267107166833138,0.21534175891946264,9.586432755883714e-05,0.2766911576401485,0.03548506308241211,1.310854026167723e-06,0.23709818285424678,0.06900591918576215,0.009610524825304697,0.0004560271754425993,7.000064577185443e-05
62,0.00038411163978160955,0.012531178558254887,0.008826608652781774,2.4949628132432035e-05,2.702838558228214e-07,0.008831233159203889,0.0887380768236115,0.01313180334670754,7.233012581698071e-16,0.09891397578554481,0.04796402025444842,0.059014413984537877,0.12636528472583536,0.04027969805960444,0.10707335737040642,0.21447007993802683,0.05990700987448083,0.07961261970646237,0.022754406134903357,0.011176902073419055
63,0.07947634724517454,0.016078723116621473,2.2271775401719227e-05,7.056095146254959e-19,0.0007369013968796865,5.560125079340474e-07,0.017530713965627186,0.1318490690855059,1.8150041014889744e-09,0.10966737088170334,0.1078158832719956,0.00021372244335674093,0.008858544156888653,0.002758499865443475,0.011909233785764115,0.1361612089967383,0.35657999686918684,0.007993386683115458,1.503978344070667e-05,0.012332528849644395
64,0.14549232788176988,0.026281540428895966,0.004600555726700988,2.2113669859966453e-10,0.12131397019072175,0.003149654588173123,0.04605195878619145,0.07019769597530315,7.33336766319362e-15,0.05200776460464236,0.08666466204157319,0.10877730802538145,0.03672382032274229,0.11395562903994372,0.03639127017567389,0.030102903314051948,0.04859683638067409,0.03723958105597694,0.03194439669355623,0.0005081245468837426
65,0.09148366573537553,0.35899523484827317,0.004954140996173262,0.020422266510360217,0.0068960720273506925,0.0020996021652816364,0.051266230484159105,0.14050949948866837,3.73943659795986e-16,0.06400181639603073,0.005219119196011408,0.04556882242325253,0.007939538681339087,0.1307452914026724,0.001136324895520753,0.02416181014329016,0.039942784029650784,0.0015705155048690005,5.0045270782110065e-05,0.0030372198009385298
66,0.009445386644348654,0.013727554578110786,0.0005508379673702978,1.2005820380488054e-07,0.2205043148821607,0.008847506973345924,0.07361090859807971,0.03919795157764989,0.00026757532364434796,0.13439139034277287,0.03410823505030108,0.010092143278713866,0.029155332311893694,0.0001741528122391932,5.497308392069439e-06,0.03324894126681922,0.044541600454185606,0.32053873037081426,0.003620411802322684,0.023971408398631315
67,0.0001364542363458624,0.23980044163356806,0.05263558476028194,1.099871433922454e-06,0.009532072050944591,0.041184617386940736,0.10367201389391979,0.005546612392683637,0.0036256417345224175,0.03517827832746529,0.07182275691867933,0.002763947970802343,0.010596472129302318,0.040846531148298997,1.6991058171554034e-05,0.16239307689483318,0.06600531184782278,0.1501914310094443,0.0008757466384003464,0.003174918096138658
68,0.04077424391823034,0.028212029818233952,0.0007020554425545001,8.82649172463844e-07,0.00038693175676400956,0.17057889097053608,0.016307476991655537,0.03181603987995895,9.512671560655739e-05,0.16991178132243084,0.020354420120692895,0.07750590776052581,0.0579982324013474,1.2899851660654072e-05,0.0003291543966309716,0.03283642010018393,0.1439709366623846,0.020734817279646538,0.1228244532261071,0.06464729873567691
69,0.0013809671553319575,0.019040041719978515,5.207081115612355e-05,5.1034266527099344e-14,0.001715735200550527,0.001486691680939239,0.09008856553078581,0.05967875017759087,3.674095155362977e-08,0.04273278970782383,0.2745493602384211,0.0002898739050041525,0.06509447688647405,7.365493960659489e-05,0.0008001937408774769,0.03522518002039302,0.09947822094395485,0.061674687743954244,0.177738972613822,0.06889973024233315
70,0.01697804641438155,0.3046030352547637,0.012656156153361945,0.0019264744319561645,0.08790282903951716,0.06393217754043222,0.023798608877313082,0.06760244689393585,1.416679283665976e-06,0.06687556265108607,0.04674027618150603,1.0682328682269084e-05,0.011898543603994822,0.005113644980079372,5.440501105822897e-08,0.04846607222449211,0.011056110097238489,0.09155329424977814,0.004824234949426167,0.13406033304376028
71,0.0001654523828913272,0.05442312782470055,0.009150152664382356,3.2395647178437445e-25,0.014145900231522353,0.0272225490239968,0.19281832521361633,0.06938440585454199,7.196177341286652e-13,0.02653666183236586,0.31590491174233454,0.0024829790664506078,0.022260474795004374,0.06283153224935635,0.02338990165401779,0.12177675484118602,0.012097739695859396,0.01529502887559409,0.0006237068015312539,0.029490395249928057
72,0.004707405456349992,0.028764565094917306,0.00668616159738651,4.402616685401701e-06,0.03506437000772666,0.004945709354311735,0.1345119264817743,0.006183642687743824,1.6856738179288189e-06,0.3004689373723507,0.020099590328612322,0.0032168013860829144,0.1349991998960355,0.15392966948478543,2.7352998240975036e-08,0.08530075097991151,0.05595885604135668,0.0008800498543353195,0.01702992958566941,0.007246318747148639
73,0.00606788832301994,0.0183423421071493,0.0038978235990664713,9.063424673696723e-13,0.015181685425831004,0.012163440321959755,0.17946055708208428,0.34149373808970346,0.0002377219509417949,0.006326551036017676,0.0013425250324754995,0.0005112110463521266,0.07125367297675479,2.456122265215002e-05,9.870191318297178e-13,0.010986325096895146,0.09021346956416038,0.15178874619972177,0.00016499014406248162,0.09054275077925882
74,0.00782527259884048,0.00018252949561460425,0.020327131953785924,0.09666940248786299,0.002186319897208846,0.02325557511581429,0.06368952824678263,0.0012438271999447793,6.551457895241605e-10,0.040373737240416645,0.17556151382056134,0.0013770591613238312,0.47127731372476456,0.04708144598272306,5.375941890948688e-15,0.022585159662185182,0.012275199752323976,0.000895474620799562,0.00163899407392049,0.01155451430997565
75,0.018544848906173892,0.0019622118726469635,0.02136186846065307,4.7594553327687874e-09,0.15488844722659437,0.10661461658946632,0.15666692657212208,0.009748072504590734,1.0951252754589305e-06,0.00624094207487571,0.043533136948402135,0.011503850305269871,0.0921915137586575,0.05144718193413651,1.31525465009286e-05,0.07875960123646357,0.011584182122817204,0.2316710156803703,0.003182285180502706,8.504619502533557e-05
76,0.005799766931882464,0.004127435953869112,0.06972573884039109,6.341831704150408e-08,0.025388110356566296,0.005848979401878899,0.07728322197377864,0.006638800858089478,3.910447997628572e-11,0.010951248088483249,0.0404960908807815,0.1374138056630217,0.2609952081741864,0.003901952120342195,0.019593340537280172,0.08205017871077766,0.15895177302130067,0.05795653627862157,0.001277157469241827,0.03160059128208547
77,0.04471370953645371,0.08952363961253769,0.042490517613766404,2.2754871603058856e-10,0.003778762088073817,0.005740433736720776,0.32578091885235827,0.011013693593334534,1.2354411996680944e-58,0.11945026518998234,0.02918858722327504,0.0001925162876828713,0.09529858769193945,0.15882094995305637,6.252770387700026e-05,0.012078043046238803,0.0027430431148639453,0.03945310514634608,0.0004163011860001426,0.019254398195944156
78,0.0011300988868920357,0.013133919737440922,0.014143194293142024,7.902256521908372e-09,0.12824963986378649,0.003751565742623704,0.03455687246465098,0.07730256225029151,2.737792758751229e-07,0.01825896792048939,0.2738992306614213,0.04787874639332183,0.15483757943797286,0.00439699956295007,0.005042035852085602,0.0997621654590832,0.013933069423431215,0.038529495506045126,0.0630968932670065,0.00809668159583293
79,0.021004458508742156,0.0038828929947685117,0.02014314759003781,6.892703775746129e-10,0.40095935757116247,1.0490319643099979e-05,0.11664534599847401,0.00010809184623378349,0.023517214494690353,0.044652602311320226,0.0691970984928346,0.023698099020537003,0.11712414191909692,0.0020049313150803903,0.004131857172012096,0.043338953701579266,0.0009493215064039493,0.003942341446794326,0.0754728345703909,0.029216818530927672
80,0.0076496810179646395,0.04406601585893954,0.011258131016750482,1.0298187788477522e-17,0.0024932025248000696,0.0065525830756256375,0.4430331422115714,0.11619923361812057,9.973225317300914e-16,0.0008679590930485934,0.010425031354051704,0.027623360903786094,0.0983864265871002,0.034441973734809464,4.633226953400538e-17,0.025808847154643714,0.05585647883105093,0.07220771172147852,0.033765036840613216,0.00936518445564444
81,0.016585412920803778,0.10687094714600485,0.00489132198850969,1.691071655861985e-13,0.005142131825819592,0.006308829203275906,0.07572671158735848,0.000963945436190427,6.505855557268325e-06,0.12527473327604755,0.004707611763143438,0.0006824388449305652,0.3474966296960311,0.04643312526747387,4.07877244327578e-08,0.03336197254567889,0.001557511184496113,0.08909327285239965,7.09037272529601e-05,0.13482595409113202
82,0.03176034119007014,0.06943526567325503,0.002354875352353319,2.3657580335279715e-16,0.05247118675361509,0.0033887940059454187,0.16998825358527098,0.008493697465976387,1.5631699586089487e-07,0.017996313981783172,0.174555735375351,0.04426746163856219,0.020935455903916614,2.377752713369269e-05,0.07278232704719693,0.1119350768603452,0.06464206049868076,0.13242640955749876,0.00010452626358691986,0.022438285002462272
83,0.1607138268190397,0.0729830156195202,2.1431934444654466e-07,1.7810040908138046e-05,0.2047333172384022,0.0034461648730759803,0.09329103261050045,0.023937006643626132,1.0595889692297927e-11,0.013816148771741168,0.007793723611678816,5.594327555516843e-06,0.0714372746569257,0.0018000674996665202,1.3051807297677368e-06,0.0037936589006009594,0.1329034864271488,0.16401420575205045,3.488121456268588e-05,0.04527726548232654
84,0.11620048040349465,0.042897346140930256,0.10943236860929642,7.350410075131161e-06,0.03629872982363634,0.09600562446186175,0.0018540734190535383,0.04894640539137492,8.754506305325033e-19,0.05201486163336185,0.0008599709210356676,0.009381364876201191,0.006923989162084095,0.23695275646246353,2.661733332956394e-07,0.011953783277087675,0.006685726594098288,0.1147786349251752,0.10338874482317166,0.005417522492264515
85,0.07790710209782406,0.005488367163572576,4.7193465782684203e-07,0.002209327985925943,0.00035408657255720595,0.07119963501297845,0.04143501794319882,0.11748781181558031,1.4226630065904684e-07,0.026437512946005493,0.04802608514135816,0.12360383250922097,0.17997034539875734,0.0002830179528847298,2.369729225587583e-06,0.18337214467230445,0.03997578414555791,0.04166553376140213,2.794868444394015e-05,0.04055346226624352
86,0.0011997799482179926,0.12482818441426145,3.328117372119476e-06,1.092946188271832e-08,0.2129444737806596,0.037118145202282404,0.020269412024786573,0.04249014184030256,4.888358418342174e-05,0.00039712035098833154,0.2767683849077848,0.0436582915970422,0.027666726116123447,0.00013519451979226036,2.1867363323756958e-06,0.037515222264043115,0.011195169056766832,0.10227364191424833,1.4599037853787557e-05,0.06147110365749646
87,9.882720272867867e-05,0.0007517672591268104,6.080977734311897e-05,1.2700259598267668e-06,0.0022506094008873305,0.004408835348340598,0.17879411049054122,0.11271804374769057,0.0037183648645544936,0.1649272361025177,0.13984002390713707,0.0068877647120071306,0.045639316632436214,0.01187020785256415,1.4485484810775213e-06,0.298018756264791,0.017938245051833737,0.008741221960477068,0.0022604846833629484,0.001072656167218981
88,0.07530623047899113,0.0011263906108655135,0.004331643932816417,9.621303478121173e-14,0.027216849162612633,8.014269835409939e-07,0.3761212848217763,0.14322844151316008,7.21262735328385e-07,0.011590291953923469,0.01872257000034245,0.005335238823865417,0.00280818162859045,0.04617796934628672,0.015669169852635983,0.017824338615922006,0.04491837921730759,0.15820196423887345,0.00015624312759283124,0.05126328998462238
89,0.09260736037670789,0.1171007991777437,0.0013193065932731608,1.4212697403170882e-08,1.1251201132512573e-06,5.2906798721094063e-05,0.19516100536998918,0.02839404257842219,3.392704657278787e-15,0.06854804255791201,6.213627994040337e-05,0.0007970591364925535,0.019013922000558913,0.16616206958642488,6.14517476566788e-09,0.022079487781798513,0.14984797640842926,0.13638166090279133,0.001712676550931329,0.0007584024218750975
90,0.00043390607718362745,0.018098347277117937,0.0007908288297686305,0.026006873149480164,0.007839008761943454,0.0005614193317272561,0.02609619045528873,0.038302444453477344,9.621651193346684e-06,0.02940399325192949,0.25790851689158456,0.13925334387534866,0.021431912762184657,0.00023083610262133504,1.022604579935499e-07,0.17740505394741185,0.0797456527480578,0.039410082932714204,5.999764622959608e-05,0.13701186759427958
91,0.00037727846434251056,0.0043684344389946575,0.00508070936019733,1.0612978793787628e-06,0.0012087113657798549,0.026109289582541752,0.13539134295792865,0.00588270746029673,7.306121322008239e-09,0.15798890824287382,0.23149054119089577,0.0007358781493010458,0.19215143734958345,0.010389919352326782,3.7367623350667695e-14,0.14136481174969662,0.0183927320548987,0.0008639829990773743,0.013626249898240543,0.05457599677898633
92,0.0070772772376225,0.05068217944726555,0.02389267731092704,0.0001292631083848314,0.013853664227774622,0.06937588207802158,0.08831350028323694,0.005174036933773155,3.8603404674860697e-20,0.18986234670165822,0.0630244715476423,0.09346800968080345,0.05705821050578974,5.323689425689881e-05,0.003618852305516647,0.006751234738129976,0.038583907244261945,0.016956009939332953,0.23348705038938175,0.03863818942621978
93,0.02579538809545517,0.00031928879742859504,0.0012366879038300514,0.00011985395741344775,7.452871307683597e-06,0.015497293867400893,0.04017742696696244,0.02133403599846548,1.8445075926757927e-05,0.019197129986595302,0.008926485374941208,0.024005697715208423,0.024223649084598984,0.2385510103453076,7.958305708518008e-14,0.1531295970751459,0.22601942030945701,0.14220745547272634,0.00019866825468061141,0.05903501284706864
94,0.05991660102557527,0.012972752736616052,0.005779460078198559,4.3760513432327586e-08,0.03169861147981703,0.028254569901181734,0.26410630139865343,0.0008696978229590248,2.765731700372183e-06,0.05604028316496459,0.045850455555742756,0.09822473923892529,0.13333689676425803,0.05353994299486161,3.07109502373957e-05,0.021892704666729282,0.11850111442501458,0.00919334523065572,0.04429876704854487,0.01549023602485072
