"","0","1","2","3","4","5","6","7","8","9","10","11","12","13","14"
"0",8.59582022590962e-05,0.377066884429825,8.59582022590962e-05,8.59582022590962e-05,8.59582022650291e-05,8.59582022603424e-05,8.59582022562541e-05,8.59582022590977e-05,8.59582022590962e-05,0.0578772268743032,0.0505075801896967,0.408391630303636,0.105297096179952,8.59582022590955e-05,8.59582022506819e-05
"1",0.00011803096432587,0.111932770967289,0.000118030964325861,0.184782787722151,0.000118030964405022,0.0385616954423732,0.0199334339622246,0.151573799736686,0.00011803096445592,0.112102908191347,0.0130909256565348,0.178665049982992,0.188648442552235,0.000118030964325864,0.000118030964328745
"2",0.357278454666076,0.0001178259711554,0.0418292991541006,0.0212877169690955,0.000117825971197414,0.101518468711156,0.14001512733395,0.0001178259711554,0.0740927551177289,0.0571694298546872,0.00275930892247745,0.000117825971156173,0.203342483443754,0.0001178259711554,0.000117825971155399
"3",0.136412713499825,0.0449084576617387,8.26882778066201e-05,0.286302779957901,8.26882778186078e-05,8.26882778473352e-05,8.26882778455252e-05,8.26882778066262e-05,0.132076748658053,8.26882778246945e-05,0.0994017910915915,8.26882778149414e-05,8.26882778066188e-05,0.300153314630515,8.26882778053453e-05
"4",0.460113554798632,0.0265649561122071,0.426227028646353,0.0205091602620159,5.66476708392251e-05,0.0567188708955635,5.66476708615028e-05,0.00127897672048279,5.66476708633058e-05,5.66476708633173e-05,5.66476708633051e-05,5.66476708677588e-05,0.00813427119786055,5.6647670863306e-05,5.66476708633047e-05
"5",0.026312272488139,0.0294802084398156,0.000109770104993111,0.000109770104993108,0.0523455167879953,0.161880192214349,0.0441584117240546,0.000109770104993107,0.0699045134853265,0.237051904243974,0.0864863975008201,0.000109770104993104,0.124320179498227,0.000109770104993655,0.167511553092332
"6",0.191582216842968,0.0624650643418272,0.000115601633193795,0.000115601633193796,0.0158120455854265,0.0216549259754593,0.180072652503721,0.000115601633193796,0.145183553498478,0.000115601633194403,0.00213732625469341,0.000115601633187986,0.00492374804870018,0.375471841639503,0.00011861714325979
"7",0.0390636740570183,0.0395219200352919,0.303200154879522,8.68726496175502e-05,8.41833118503121e-05,0.182472274762812,8.41833118579331e-05,0.0781047910495618,8.41833119708138e-05,0.210466703707061,0.0564856118682933,0.0824763707944401,0.00770070963698968,8.4183311853996e-05,8.41833118594699e-05
"8",0.000113170052647926,0.152230739808261,0.215700082156895,0.039669578938,0.00179320435338071,0.0556413103772588,0.0886608481164733,0.0770225097539527,0.00572544653116124,0.190890674734896,0.000113170052647926,0.000113170052647925,0.0931736046379201,0.000113170052647925,0.0790393203812094
"9",0.188973277772886,0.00480236112140103,0.185887621235422,0.300299579556331,8.00393985416581e-05,8.00393986177258e-05,8.00393985761895e-05,0.0339944358082282,0.0710890512617904,0.0627919253237388,0.0537991839560828,0.0147081221231628,8.00393985930459e-05,0.0811710738751127,0.0021632103715167
"10",8.61504430396446e-05,0.148085134183924,8.61504430394717e-05,0.00396284891390201,0.152060251371817,8.61504430509413e-05,8.61504430394786e-05,8.61504430394632e-05,8.61504430388855e-05,0.40471867236993,8.6150443039471e-05,0.159715780356986,8.61504430394767e-05,8.61504430394745e-05,0.130681958816074
"11",0.390341341409312,9.87084075423398e-06,9.87084075400725e-06,3.826855163667e-05,9.87084095769551e-06,0.0390407146088201,0.159503110047912,9.87084075404391e-06,9.8708407540422e-06,9.87084075405191e-06,9.87084075404337e-06,0.298776312099107,9.87084075401307e-06,9.87083873664603e-06,0.11221141571824
"12",8.02227286309915e-05,0.187028430990113,0.0333684275060461,0.555786901369204,8.02227287363103e-05,8.0222728604957e-05,0.00105279113722137,0.0355676439686778,0.0044402425412129,8.02227258617867e-05,0.000127397925603031,8.02227286310214e-05,0.044854030169994,8.0222728630989e-05,0.137292798022832
"13",0.0890606771732346,0.0805826223344095,0.000115657121658062,0.273305299163909,0.00422661277474891,0.000115657121674999,0.0488069772998394,0.0188420124172574,0.0569010128532473,0.202065567557283,0.0357066872983133,0.0276430655792274,0.162396837061881,0.000115657121658068,0.000115657121658067
"14",0.0468332153656817,0.163383224050358,0.000114872368116477,0.188123633940176,0.000139223104461414,0.189096570015448,0.0114552990014111,0.000114872368116476,0.00011487236811495,0.00011487236811953,0.232195021628267,0.0189628637832259,0.0855612586424502,0.0275044607728567,0.0362857402231955
"15",0.0149867934175463,0.0866172917756595,0.135140436929781,0.40561187399841,0.000348873532423225,0.102125724490676,0.00944769824514724,0.0656220026216794,0.00636049626553166,0.0716826856496034,0.000115087060607706,0.000115087060607707,0.0892881740790308,0.0124226878126825,0.000115087060613928
"16",0.00682403408879345,0.0163138764472077,0.000230764462824087,0.249924695729635,0.0456480963155629,0.0811112940670541,0.15965993518373,0.0478498542147764,0.0199003393796792,0.0163913970310708,0.055104011924743,0.177269471869468,0.113315509774331,0.00572537579633084,0.00473134371479375
"17",0.133417745189415,0.182847716997784,0.0276052619892649,0.115183907138259,0.0953669918780474,0.0964503617256396,0.200945171243464,0.000117602974770982,0.0541182492125274,0.000117602974770982,0.0599889221581342,0.0102979676073852,0.000117602974770985,0.000829654932801072,0.0225952410029662
"18",0.000226627449754461,0.154638366400819,0.0402078163174,0.190272387503544,0.0432082805826016,0.087797013554381,0.0814111381727923,0.034003116685569,0.00845987460872995,0.00919923859735392,0.0379428375584663,0.10819377938605,0.106840607261042,0.0556997391945552,0.041899176726941
"19",0.000116576599943501,0.10552929921055,0.0111060664227912,0.000116576599944653,0.000116576599964056,0.133514892415161,0.0541936765018248,0.021436865199864,0.00720009688664105,0.067509060135959,0.000116576599944647,0.0737474740856664,0.418114040689754,0.000116576600031862,0.107065645451959
"20",0.071411914568294,0.235829183396723,0.044394237367409,0.000120381990236925,0.0581170177196407,0.212840913217094,0.000120381990236909,0.000120381990236921,0.0857038259661503,0.158597428712644,0.00227183011374037,0.000120381990236921,0.121036888710142,0.00919485027698022,0.000120381990234412
"21",0.0590568436646729,0.0883904972977019,0.148095298298673,0.0837629191521165,0.000158753098167213,0.0587960031852486,0.000158753098158834,0.15558301162265,0.0344247254548346,0.0984360704043506,0.145492292844117,0.000158753098158834,0.000158753098158835,0.0566959795625378,0.0706313461204535
"22",0.000112430377397255,0.0941319008874031,0.0860249645513309,0.41636970543711,0.000112430377358211,0.00622786383888943,0.205017484856192,0.000112430377397013,0.00251870220135741,0.000112430377397014,0.000112430377397013,0.138866463126741,0.0227850834190672,0.00371537998294232,0.0237802998120212
"23",0.0986452959763166,0.0903446288858072,0.211375403877668,0.0475766185651521,0.0621821606187388,0.0314759459927562,0.000251370671226727,0.0131354824816625,0.0199157562505797,0.0789361025186932,0.000251370671226727,0.0252871430496243,0.192914322149542,0.0459599361016973,0.081748462189309
"24",8.45043539628929e-05,8.45043539380518e-05,8.45043539629024e-05,0.343519290101895,8.45043540406445e-05,0.0346367124386113,0.0283645212239985,0.0132645604074506,8.4504354062432e-05,8.4504353962893e-05,0.106561977549105,0.238226346663702,0.232890372225069,8.45043539628943e-05,0.00194468891227659
"25",0.41340532200704,6.04039107815254e-05,6.04039198604205e-05,0.306870253506256,0.106025115062986,0.106378691165325,6.0403919856405e-05,0.000120934075355485,6.04039323269169e-05,6.0403921714917e-05,6.04039198604221e-05,6.04039198631548e-05,6.04039198604211e-05,0.0666560488990845,6.04039198288929e-05
"26",0.100977104148751,0.0742068759892693,0.0649159348609681,0.048678599351253,0.0236877154460242,0.0299512107288866,0.000166523799900013,0.0941001248117241,0.141406695674338,0.0934374903694819,0.0576459187258182,0.214644346537151,0.0558484119566378,0.000166523799900018,0.000166523799897481
"27",0.0333713061464353,5.94742099071941e-05,0.479490731994346,0.382526557231265,0.0393911810630675,5.94742099594054e-05,5.9474209935461e-05,5.94742099508488e-05,5.94742126149263e-05,0.0645277208829599,8.88458074369574e-05,5.94742099508509e-05,5.94742099508472e-05,5.94742099508563e-05,0.000127863192269314
"28",0.0760668112187489,0.0158899844239116,0.0776224870551169,0.212356256324168,0.000118331405019456,0.0413540432947765,0.00883942166560777,0.00228855548642631,0.000118331404920684,0.223746182596423,0.000118331404946905,0.0263043063205425,0.124884317385588,0.184750196011644,0.00554244400215892
"29",0.000114178293202492,0.021356821965132,0.000114178293201818,0.317254505502743,0.0181568059448707,0.221162002381245,0.158424930254042,0.00011417829320183,0.0508813168205637,0.124805836949445,0.000114178293201822,0.0638825758200906,0.000114178293201822,0.0233901346026566,0.000114178293201834
"30",0.0120175906701051,0.0624189850255274,0.000237307923565736,0.113196292438461,0.0305616649377435,0.103463882287988,0.0211148618574977,0.16421596110862,0.0129685986546173,0.123630545890602,0.0180403721539095,0.105440412534934,0.160718805480097,0.048824448144295,0.0231502708920351
"31",0.114629302472353,0.0744644371233999,0.160892957802491,0.242761435532547,0.000165255021881093,0.0922460011055142,0.105088299080052,0.000165255021975403,0.0832013584541695,0.0283034751457824,0.000165255021975405,0.000165255021975403,0.0974212031519337,0.000165255021975404,0.000165255021975402
"32",0.0369339096197913,0.152036616965701,0.155922076341879,0.0981383398869047,0.00185347400110137,0.0899710703362875,0.0955203778824168,0.000170114944162377,0.0204232624157772,0.0512747349692668,0.000170114944162377,0.146656615254318,0.105750548622082,0.000170114944162377,0.0450086288719882
"33",0.198863196780083,0.0355513003796689,0.000171468850716694,0.155497659502936,0.0146978966294337,0.0447662136451552,0.0170602138749927,0.209685869964605,0.0656188680791388,0.0366386842810738,0.00215315379447553,0.000171468850716696,0.0372116997389399,0.000171468850716694,0.181740836777348
"34",0.252347175525618,0.0170662770549443,0.00506045536905944,0.0528244178799571,0.0183764890365915,0.0888221311420841,0.0280090514420183,0.000166839476622728,0.111298156144378,0.0912558337093037,0.0944180444310921,0.000449555157283876,0.0407277456494849,0.000166839476622728,0.199010988504939
"35",7.99874523223049e-05,0.168946916581872,7.99874523205163e-05,0.195076247446165,0.00133735935768011,0.0602379638093155,0.297266568257167,0.117127718257626,0.0737151929060644,7.99874523504045e-05,7.99874523205231e-05,7.99874523190435e-05,0.0857321212178362,7.99874523205221e-05,7.99874523205217e-05
"36",0.0909593364478543,0.0736451565452267,0.0442653353426634,0.407053221917267,0.031493373416905,0.115483257886566,0.000163414724804974,0.000163414724804974,0.0962513273511922,0.0048898761462891,0.0191455988023031,0.000163414724809919,0.000163414724804978,0.038332429727868,0.0778274275166406
"37",0.000116233919762354,0.212896954628041,0.179394949177911,0.132970160876314,0.000116233913450845,0.112671662167277,0.0490117565957424,0.133951191230875,0.000116233919773294,0.00719155321135312,0.00011623391976235,0.0950145770448274,0.0581245802421685,0.000116233919762349,0.0181914452329789
"38",0.177256806916078,0.0701263317589863,0.140624405369249,0.0860061522528011,0.0840593004603582,0.0172552241084731,0.0220320887786395,0.00493526646135262,0.00011455013120173,0.0607607924741282,0.000114550135370758,0.336370880747266,0.000114550135370763,0.000114550135370759,0.0001145501353544
"39",0.000160763950019147,0.119738198586837,0.00605802438766585,0.350318785968502,0.0357729538877041,0.115111245763337,0.0526746436350195,0.000160763950006435,0.000160763950120707,0.0133823257758093,0.0913503856457913,0.125816133345955,0.0889734832532188,0.000160763950006443,0.000160763950006437
"40",0.00789703253193483,0.103306814414335,0.214108471184635,0.385190305872153,0.000118255303992399,0.0702983697709478,0.0419250967570909,0.000118255304143753,0.0276212187828817,0.000118255304143753,0.000118255304143754,0.000118255304159827,0.0308183378183906,0.00299831338497322,0.115244762962074
"41",0.0310152399863536,0.0453389305165989,0.019242525233546,0.527067306932168,7.82523632734118e-05,0.182220721105836,0.0161859047836224,0.0210925836398236,7.82523632811956e-05,0.021023789423976,0.0697885649897051,7.82523632831824e-05,7.82523632811807e-05,7.82523632811807e-05,0.0666331715719702
"42",8.27174118447103e-05,0.0524530881143244,8.27174118447058e-05,0.383498539896422,8.27174118435164e-05,0.125518389756306,8.27174118447127e-05,8.27174118447131e-05,0.000131909515990069,0.0849914788716919,8.27174118447145e-05,8.27174118447051e-05,0.352662137138712,8.27174118447071e-05,8.27174117969566e-05
"43",4.10892459422829e-05,0.0125479033058141,4.10892459415165e-05,4.10892459420005e-05,4.10892516989452e-05,4.10892459415156e-05,0.869917376867381,4.1089245941518e-05,4.10892459417788e-05,4.10892459415158e-05,4.1089245941527e-05,4.10892460395708e-05,4.10892459602613e-05,4.10892459415148e-05,0.117041648869631
"44",0.0583746357927835,0.0804677931192688,0.119609602212908,0.581195141052374,0.0483926353110176,7.71632154388135e-05,7.71632155429915e-05,8.16892040661292e-05,7.71632149336981e-05,0.0760898671114204,7.71632155429904e-05,7.71632155429786e-05,7.84944708538403e-05,0.0352471624327883,7.71632155179077e-05
"45",0.0363314567723455,0.0959435623118815,0.193966664959713,0.264652593728328,0.000117918891973706,0.000242521098897093,0.0508932329584944,0.000117918892514267,0.000117918892514875,0.0105903036396484,0.0591669128806037,0.0658889766771675,0.128740978842011,0.0138280315431246,0.0794010079107827
"46",0.0153235266205818,0.074794532122023,0.454061970187175,0.00926475577359192,0.053673880498971,0.0306691623944946,0.0351308133678703,0.000169433801469897,0.124726915142631,0.0190526407010523,0.00966524753050816,0.0550809227505716,0.105589112399025,0.0126276529085644,0.000169433801470017
"47",0.000138515465559228,0.002872150734536,0.227857635518293,0.0666839424794393,0.00011727239277623,0.0249225422032918,0.000117272391733535,0.0326427536953957,0.119715633037782,0.045993620700465,0.000117272391733536,0.19808596675804,0.139792540785851,0.0501702745929027,0.0907726068522012
"48",0.00101903877097232,0.0237147269087632,0.193431237671683,0.186720601256139,7.73652400857664e-05,0.0303085967518723,0.0540919384706177,0.0339114130788147,0.00459553215512816,0.0891035317198281,0.0209664572966121,0.310698391840577,0.0100634221226451,0.0412203814762978,7.73652399643531e-05
"49",0.022046736364159,0.000160698898707017,0.127784472818032,0.218715946432652,0.0514520260353159,0.122587951046915,0.12545006391673,0.0295628556533852,0.0590030830697691,0.000160698898721612,0.0158023709446215,0.000160698898715957,0.139162634170345,0.0401326098449583,0.0478171530069722
"50",0.000117059015797405,0.103654932359538,0.0949160169608703,0.324276192268985,0.000117059015668812,0.0934474224108074,0.104958392336144,0.000117059015795226,0.0154394141703797,0.000663837177188407,0.0269705619338268,0.0754438591630642,0.159644076140347,0.000117059015793334,0.000117059015795225
"51",0.000111008898686481,0.0638428562498382,0.347771069081647,0.125368231858947,0.0442269652616908,0.139655294015795,0.0477031069655673,0.0431754257767171,0.0313004026130634,0.0857780758291964,0.0172537491381838,0.0355920037912738,0.0122921289293779,0.000111008898686398,0.0058186726913298
"52",0.0505367679420742,0.0575160385172885,0.32553522150163,0.0378965639145723,0.0231321798651766,0.104031510700895,0.0498946773584039,0.0229849299682834,0.000168868879367557,0.138673063113665,0.000168868879331342,0.113325869063695,0.00016886887933134,0.000168868879331341,0.0757977025369548
"53",0.302433224048463,0.045060672741977,0.198842768615676,0.0556909701630479,0.0715218608266582,0.0876929517178078,0.000125918850440568,0.01875831431379,0.0115399239460198,0.0651975111841826,0.0261362595773007,0.0669769191859121,0.000125918850440568,0.000125918850440568,0.0497708671278424
"54",0.000162768840559914,0.0921619804335316,0.00016276884055521,0.362626410956484,0.0128386590901725,0.0631098845212891,0.0179895440617487,0.00119921033821935,0.0773656043741048,0.0900138069839505,0.000162768840555212,0.0920409095199758,0.0586103705604352,0.131392543797863,0.00016276884055521
"55",0.239720498520775,0.0397230099081014,0.000115878091626438,0.173937104436953,0.0264765435163343,0.0845535758587135,0.00462717008720575,0.101785108871005,0.00011587809163539,0.147466148827866,0.000115878091626439,0.0315732586208953,0.000115878091626441,0.0771215916960441,0.0725524772895924
"56",0.0203663073106186,0.00011621754692352,0.316274015414187,0.0558563259285434,0.00316766273959545,0.0452803105922842,0.000116217546947023,0.112082455533987,0.0373567318917273,0.00474945113909165,0.0234107412279107,0.00292008155098666,0.225179493459838,0.000116217546947023,0.153007770570411
"57",0.0322267510862576,0.0312427297526471,0.000156479872475635,0.0824539697397009,0.0176660603595185,0.0539441312009369,0.132052523831026,0.14795748519229,0.000156479872457782,0.130348148004881,0.0361405725488998,0.156872463803856,0.0684174109818688,0.064660732452605,0.0457040613005801
"58",0.0695321386023963,0.0846537059502157,0.000114538319405207,0.363014863233141,0.0185361679878005,0.0665658996172108,0.082771144647028,0.000181204683732448,0.000114538323706257,0.000114538319405208,0.16727763913497,0.0268859159030586,0.0272414786619181,0.0856241390556715,0.00737208756033986
"59",0.104160732935908,0.112124015381244,0.0231585843348103,0.103798081543374,8.12632431989958e-05,0.260693996762412,0.202181619238939,0.0317971758421063,0.00293215298945503,8.12632412581487e-05,8.12632412581508e-05,0.0649203747420619,0.0581648019916661,8.12632412581893e-05,0.0357434112710504
"60",0.00671759853919563,0.0491432651036534,0.111049822651757,0.0113814513421284,0.0154084221930351,0.119430308931685,0.0782872747989112,0.0967629331630896,0.000115450516375212,0.0802206721768185,0.000115450516358483,0.0434020115208118,0.336521640210087,0.0513282478197357,0.000115450516358484
"61",0.201906205551596,0.0261543219374622,0.181479485416256,0.196170477634774,0.00160365333589538,0.0212387509618345,0.105153264586696,0.000166754383106514,0.0248412101354259,0.167822027885422,0.000166754383106515,0.0109347890137074,0.0241734148705847,0.000166754383106515,0.0380221355210272
"62",0.000158487875698075,0.0807963925234795,0.000158487875698074,0.252676626144139,0.0051028556562455,0.0350911838362292,0.115218584035453,0.0762577353510444,0.01989282742801,0.151665413214485,0.000158487875698074,0.0830415734115933,0.024804289415848,0.127593597418049,0.0273834579383297
"63",0.237156083377358,0.0290680901003337,0.197664104191308,0.0378972299572397,5.52827756534149e-05,0.0690990425707976,0.129271135046087,5.52827755811507e-05,5.52827757132454e-05,6.26582248905112e-05,5.5282775581154e-05,0.295585933923659,0.00386402595463472,5.52827755811532e-05,5.5282775581154e-05
"64",0.0243198504392902,0.0130154080636499,5.7054366173098e-05,0.123623624290231,5.70543661626998e-05,0.056935042343929,0.285502946815975,0.00913442752083082,5.7054366176938e-05,5.70543662061714e-05,5.70543661730931e-05,5.7054365681998e-05,0.474052148215018,0.0120561717045268,0.00101805440997531
"65",0.10660230144214,0.172142825963125,0.327031548681372,0.199546574295988,0.000110817112083038,0.035127249647701,0.00890956085307436,0.00011081711147566,0.00214544832689522,0.00305552871164921,0.0346470390040993,0.0957971945803358,0.000121558769864156,0.014540718388733,0.000110817111464716
"66",8.31017864962306e-05,0.0857207267284945,0.0608772616002963,0.510543440652878,8.31017865871623e-05,0.0569145679733311,8.31017864962304e-05,0.0294824322075824,8.31017865058108e-05,8.31017864963198e-05,0.0185399960008103,0.117950568221006,0.098303122170833,0.021169273725615,8.31017865716677e-05
"67",0.0878730605489847,9.02791831444118e-05,0.242748411986337,9.027918313196e-05,9.02791830023891e-05,9.02791832788651e-05,9.02791831479257e-05,9.88198381991392e-05,9.02791825218446e-05,0.160836310041516,0.0468375285339593,0.390204928758379,0.0339790262873881,0.0367899597238127,9.02791831973618e-05
"68",8.12852344011404e-05,0.134450470624169,0.353443567440488,0.0827175959481161,8.128523425675e-05,0.013020630215996,0.0176846824236487,0.16852471388262,8.12852332625183e-05,0.00726243436479952,8.12852344012183e-05,0.207520608254844,8.12852344012162e-05,0.0148875854401892,8.12852344066667e-05
"69",0.00897984325291646,0.0555718384199203,0.109061608562458,0.351642250044394,0.000110489613841182,0.0094050916643218,0.0771183771163951,0.0127389490166096,0.046296825239191,0.000110489613915637,0.049660792664721,0.131597997413911,0.147484468149575,0.000110489613915104,0.000110489613915105
"70",0.0694745729166933,0.00012134674376636,0.000121346743650417,0.218466694930228,0.00012134674365695,0.135031962509716,0.181346299738713,0.000121346743650417,0.000121346743651057,0.207046676769041,0.0358088753922302,0.0760235750748337,0.000121346743650414,0.000121346743650415,0.0759519154628679
"71",0.000175620845204238,0.00201502511271615,0.126269524783928,0.277942753872405,0.00145218666113408,0.134733019649086,0.0323874618137858,0.0202083875521412,0.0486908407062993,0.185846909469591,0.00017562084520424,0.0211650817721221,0.105229194978586,0.000175620845204238,0.0435327510925928
"72",0.0205112543513,0.0545071600836926,0.000113291130569006,0.17676311746341,0.0639922318436333,0.27224169309972,0.0740535248664509,0.0771930315454865,0.0140657315811773,0.00622179770549591,0.081539670863059,0.0218711963671064,0.0155688324338225,0.00253143002063325,0.118826036644444
"73",5.63740957145315e-05,0.00303796357177944,0.093766343813717,0.307221443397981,5.63740956437513e-05,0.10523629765755,5.63740956846622e-05,0.027297290046688,0.0482989432378507,0.0136564975976971,0.0128830942695411,0.298275064789814,0.0315650934025312,5.63740956846775e-05,0.0585364718321231
"74",0.0325258166655331,0.00206190876743455,0.000164490548420449,0.321325183862651,0.0076907548417331,0.10997156510146,0.21160162816312,0.0294417419775179,0.000164490548443322,0.0296274630010261,0.035208306918334,0.0678794877927097,0.000164490548420447,0.100615272378664,0.0515573988845322
"75",0.106244909343031,0.14467155510877,7.98699081847558e-05,7.98699081847539e-05,0.108334190158725,0.059682958573556,7.98699038720621e-05,0.063141132812937,7.98699081906087e-05,0.324741818911245,7.98699081847533e-05,0.000146713175201346,0.192477632563538,7.98699081847653e-05,7.9869908194016e-05
"76",0.0823792148715819,0.111913107432626,0.0613255456442937,0.689943240229988,5.6530345302174e-05,5.6530345297445e-05,5.65303453310997e-05,0.0325774925426853,5.65303453262732e-05,5.65303453231224e-05,5.6530345331097e-05,5.65303451244067e-05,5.65303453311001e-05,5.65303453310982e-05,0.0213526261711271
"77",4.95040038685991e-05,4.95040038576164e-05,4.95040038681075e-05,4.95040038678311e-05,0.00273420289498212,0.308336993473338,4.95040038679786e-05,4.95040038679881e-05,4.95040076009117e-05,4.95040038679257e-05,0.000109993058792491,0.688274266525968,4.95040045172967e-05,4.95040038679716e-05,4.95040038679788e-05
"78",8.48615819730649e-05,0.0436203838817629,0.397224692979431,0.389593651086986,8.48615819279197e-05,0.0274460780393325,8.48615819490856e-05,8.48615819731451e-05,0.0247754445365622,0.0173548131945411,0.0290581022123025,0.0410919955389919,0.0134011673794738,0.0160093632407335,8.48615820594773e-05
"79",0.00671008212357919,0.0199140560751497,0.000124662908398942,0.000124662908398942,0.00211998759673794,0.184108606901186,0.136019388121003,0.000124662908398946,0.113399516800878,0.353847674377688,0.120528587690722,0.000124662908398945,0.000124662908398942,0.000124662908364401,0.0626041228626984
"80",7.47904453562227e-05,0.0451055872012696,0.288819679363164,0.221284289891082,0.0288032466347839,0.0663640263737642,0.0127878254089682,0.00155075111119528,7.47904453385781e-05,0.177176975915468,0.027920385754919,0.129748634219283,0.000139436344696158,7.47904453562166e-05,7.47904453564961e-05
"81",0.000172853019960621,0.205066020107721,0.18501398181891,0.000172853019960621,0.0407975234020757,0.0456798829086672,0.000172853019960623,0.00490802858227496,0.0762981266190609,0.0406684207608384,0.000172853019960619,0.216665467622634,0.13198111228279,0.00017285301996062,0.0520571707952241
"82",0.0878386967061716,0.0434487024655315,0.0509432527482096,0.209440453222116,0.0253869136409364,0.218964244573353,0.0016977767368718,0.0228916637939823,0.0209623582958909,0.00989846400431034,0.0794538784673074,0.000171962579874051,0.164958014153664,0.063771656031917,0.000171962579864685
"83",0.0029403864168359,0.044639341423505,0.00011712434714487,0.200415417345255,0.0132365740568049,0.0448062277966728,0.000117124347143859,0.0931448436906193,0.0427578066809642,0.196427723803124,0.00011712434714487,0.143277945452799,0.217417084981254,0.00011712434714487,0.000468150963587822
"84",0.0198400946864959,0.0362274898946512,0.178122401428908,0.23096210932205,0.0249874728242755,0.0721323763968286,0.0673895620549817,0.00023191588929012,0.0685123926093826,0.0729963076577972,0.0278264562506667,0.0908249820215998,0.0153082273694067,0.0534770938779866,0.0411611177156791
"85",0.0673709778232411,0.0727673358357358,0.175799644837965,0.262723091130257,0.0639253430739789,0.105313984198952,0.0220173985044334,0.000163743481499662,0.000163743481535299,0.000163743481498786,0.0980750668045878,0.0476793448836349,0.0155204397158505,0.036637833420152,0.031678309326678
"86",0.0472742769121524,0.131657759370815,0.373924902407854,0.223075029403854,0.055491956216825,0.0853853393321016,0.00011478818944044,0.0109166376457342,0.0236173672813919,0.000114788189451523,0.00959356513775978,0.0266621105841709,0.000196894506793155,0.00011478818944515,0.0118597966322111
"87",0.00186176648215821,0.095300666353094,0.131098886802697,0.00638652198138871,0.0660819989224547,0.000232426669234366,0.0321032970948106,0.0666657177644421,0.0991152027475276,0.0291549180492073,0.000232426668861541,0.193671207401761,0.149628591394983,0.0704085425399932,0.0580578291273864
"88",0.000114078979949072,0.0912638799365177,0.150302839749191,0.21047999646392,0.000114078980410007,0.0219781036990073,0.0160853357178053,0.0522994177180366,0.179939252298822,0.0105972714329927,0.0175211234276339,0.00866079215832988,0.153936909679136,0.0211672441418384,0.0655396756164101
"89",8.1444567147634e-05,0.0347523811315212,0.201517070779143,0.0349536285662218,0.0428957108685484,0.0208159758619987,8.14445671469192e-05,0.0376907833006001,0.0821558883330007,8.14445651224796e-05,8.14445671469166e-05,8.14445671532634e-05,0.245846103663,0.244302393752654,0.0546628409095944
"90",0.0674935452300435,0.152526429002068,0.00622941958285083,0.273766595552072,0.00559077911956595,0.0519370529637855,0.0526276912979398,0.000113108659197612,0.000113108659224437,0.078542763728032,0.0223069813023757,0.00011310865919761,0.162237565839811,0.126288741744638,0.00011310865919761
"91",0.212680312121541,0.0874685709606397,0.000167793623086235,0.222177533418416,0.0050516372554377,0.0436162397264948,0.00016779362308623,0.0653484469109366,0.0622074592446552,0.0338484092347892,0.0694585886266295,0.18197271676653,0.000167793623086234,0.000167793623086231,0.0154989112415849
"92",0.000119827867949683,0.103824144436789,0.306537699163814,0.129444374813067,0.000119827867797461,0.0363225473050721,0.0178667216239677,0.000119827867950897,0.0576120301385369,0.107848094682309,0.0445919490608597,0.000119827867950897,0.0897441237783603,0.000119827867950898,0.105609175657625
"93",0.000158455559274366,0.141794754751471,0.00275363901832482,0.171522935996968,0.0835938489199575,0.0403764836072901,0.000158455559271176,0.000158455559271182,0.0363540480094661,0.122622424150703,0.000158455559271177,0.120255026297427,0.162325581142021,0.000158455559271179,0.117608980310013
"94",0.350606160251892,7.99517182520707e-05,0.114840232034907,0.183491480410856,0.0301735661550641,0.0624500267714667,0.00752011242530947,9.47371268803115e-05,7.99517182910825e-05,0.0222656073932032,0.037182012052788,0.0709318979971752,0.0410515873020066,0.079152724923629,7.99517182781231e-05
"95",0.122700673668995,0.153397216472758,0.0524978619345951,0.124717797743878,0.0286465181349483,0.101612226194495,0.0236684249601649,0.000166865390560445,0.0364203899654431,0.0183423999556788,0.0443454595946312,0.186060793222638,0.047213023155782,0.00648101613373376,0.0537293334716976
"96",0.326959342399172,0.098452300562888,0.116282021805888,0.095846412492948,0.00748031917786815,0.0737908383858168,0.152946943935707,0.000113560866117696,0.000113560866133789,0.0250489109815707,0.000113560866117698,0.0548011543685693,0.000113560866117697,0.000113560866117698,0.0478239515589681
"97",0.150018554449249,0.149892663950646,0.0826621661657365,0.124191812220243,0.036884163706413,0.0924804493440972,0.0958527240672996,0.079234373275676,0.00318193725253382,0.00024197989409835,0.00022748164493359,0.011234434981095,0.0593669810555069,0.0978518419108603,0.0166784360816118
"98",0.0952400868222399,0.113756917378702,0.0419614541122072,0.101618609584443,0.0116574158967363,0.0887257084289206,0.0661450335875381,0.142424772829432,0.000241485184956594,0.036421623213277,0.0549607199098422,0.208996570950273,0.000241485184950245,0.000241485184950244,0.0373666317315309
"99",0.000117308224281966,0.0515982130303212,0.000117308224281964,0.319660176366809,0.0416491402799286,0.0916318884355409,0.00490293615843708,0.159746645752879,0.000117308224289514,0.000117308224281964,0.0578341468227267,0.148475491243875,0.123797512563796,0.000117308224281964,0.000117308224268957
"100",0.00598828923583562,0.113049596841687,0.00717127862201572,0.113354473677939,0.0712477215715669,0.066129563494093,0.00369735974845893,0.227022775203424,0.000158769174941292,0.0021913514446653,0.0980702235988524,0.0347914253349035,0.222466578086568,0.000196711624001921,0.0344638823410468
"101",0.192902826393233,0.115381054507914,6.00199849875198e-05,6.00199849874981e-05,6.00199850160525e-05,0.0564056433501682,6.0019984987512e-05,6.00199849874855e-05,0.0176261027258232,0.000154523127079277,0.0898849571270194,0.491603842375336,6.00199849874991e-05,0.0267796695363648,0.00890126094710904
"102",0.224675331337011,0.0378841662340475,0.013546026389739,0.0328694048684962,0.000115875241822107,0.0537078130448501,0.176727624602611,0.0738934570884027,0.000115875242004471,0.0213370351281219,0.000115875241834533,0.0796096921960835,0.285170072901307,0.000115875241834525,0.000115875241834531
"103",0.302585938412217,0.13220769709385,8.68605982476836e-05,0.163938154506559,8.68605980708171e-05,8.68605981868371e-05,8.68605982633193e-05,0.0276232098122227,8.68605982557747e-05,8.95232405138622e-05,0.0703079074115752,0.302552684737315,8.6860598247663e-05,8.68605982476617e-05,8.68605982276713e-05
"104",0.0137858787868485,0.105932721859555,0.0738336513000041,0.424206340827983,0.0637153660673695,0.11274301556055,0.000119799214675571,0.0267443637559689,0.0255403829961735,0.000119799214675571,0.000119799214675566,0.15277948355749,0.000119799214675572,0.000119799214675573,0.000119799214679896
"105",0.15683749057742,0.108333542204985,0.414931277797286,0.000103474621185572,0.037512092234341,0.0728904711787012,8.11632076995366e-05,0.0072044139107754,0.00245123153527314,0.0264491788288516,8.83451495799813e-05,0.125130952293288,0.0478240400452325,8.11632076899895e-05,8.11632076899294e-05
"106",0.0264720616212513,0.0168901594289438,0.00016380755783701,0.196626803965678,0.00355169146399798,0.0909480134556306,0.0618686701546285,0.000163807557837009,0.0152701382187377,0.048109441689573,0.0507524732429298,0.298938429794959,0.168360700936008,0.00016380755783701,0.0217199933541521
"107",0.000109546204555091,0.040293008954802,0.138855095232515,0.498398796873665,0.0155622999465315,0.0360466330449154,0.129033147163993,0.0116876971444446,0.0099000235812696,0.000109546204547827,0.00564094690248666,0.0623688743051817,0.000109546204553391,0.0517752920319868,0.000109546204553391
"108",0.000239867542128045,0.0364094859491501,0.0881760353675893,0.028133856973081,0.0701215484192018,0.0400454482326121,0.0574245115294663,0.0366355514684123,0.000118356632264131,0.111431877151319,0.000118356632219689,0.223577230101601,0.000118356632219688,0.289758372441337,0.0176911449273991
"109",0.309190692228265,0.000114436600710927,0.000129641952501385,0.134352512584773,0.0332876398466597,0.17532397732975,0.131238522699701,0.00301680019712352,0.00933335086690896,0.00011443660071172,0.0397610456381342,0.107950518741138,0.0559575515121986,0.000114436600711719,0.000114436600711719
"110",0.0640379369889752,0.0480255653784011,0.362807961711203,0.1172931518752,0.00012197625511223,0.0582209748069398,0.055978362038673,0.000121976255225132,0.000121976255062989,0.000121976255225132,0.000877725447484962,0.123264784642214,0.168761679579833,0.000121976255225133,0.000121976255225133
"111",0.155172953682009,0.0999368754631431,0.0381207723205678,0.134678541102171,0.000115509186575288,0.0242407449533651,0.0335417344819343,0.0378009921420563,0.0589600664423178,0.000115509186613044,0.035903695184743,0.122454601070519,0.225496683770558,0.0180208439158591,0.0154404770975686
"112",0.339904577921334,0.101275681771929,0.0225135889558832,0.0897535813663468,0.000122999954943787,0.0998376565094514,0.000122999954808756,0.00012299995480876,0.000122999954841952,0.1086696640053,0.0534501991445116,0.000137655598951459,0.0901844997483266,0.0223134875016898,0.0714674076568731
"113",0.000165449021631743,0.0427815927227242,0.138342076067175,0.163650752126177,0.00016544902170371,0.0734787589791577,0.134239091884166,0.0582628945618112,0.0813680896376496,0.000165449021643672,0.000165449021643672,0.0845918545001279,0.107495346250503,0.000165449021643672,0.114962298162241
"114",0.0639960759786877,0.298659057903625,7.89527726277728e-05,0.0140732836528693,0.013978237657587,0.0681202018396736,7.89527726277729e-05,0.21582129889137,0.164577530355426,0.0609300213480875,7.89527726277799e-05,0.0335673598133145,7.89527726277734e-05,7.89527726277738e-05,0.0658821686962205
"115",0.059531499000165,0.0358915760761617,0.0383452849449625,0.341109020194981,8.40429121876864e-05,0.271814354016876,0.130693490326929,8.40429122498503e-05,0.00544601847386358,8.40429122540072e-05,8.40429122498542e-05,0.0110047601420384,0.0154613274876276,8.40429122498463e-05,0.0902824547752038
"116",9.27167122373899e-05,0.0337219844934101,9.2716712240756e-05,0.366238297068876,0.00257427238985851,0.242987976183368,0.152880397486088,9.27167122408093e-05,9.27167122541403e-05,9.27167124517136e-05,9.27167122407544e-05,9.27167122347777e-05,0.0307830483703216,0.00395515189857086,0.166209855123607
"117",8.34639047701656e-05,0.0417162767148831,8.34639047701675e-05,8.34639047702123e-05,8.34639046754713e-05,0.119711772020516,0.0261431510587438,8.3463904770165e-05,0.000984260640872471,0.0165197966158076,8.3463904770165e-05,8.34639047705577e-05,0.180814142253773,0.531348388043735,0.0821779653183726
"118",0.102033789834536,0.0120427356189205,0.218048936373212,0.324569783898341,0.0132431996260446,0.00325453486163979,0.0386392327449811,0.000188191400107826,0.059197235916235,0.000110758437526488,0.131408444623887,0.000110758437540272,0.0658858437103615,0.00011075843753427,0.0311557960791327
"119",0.198961751427296,0.127042223365996,0.0235151040469611,0.0317970686832894,0.000117893836511955,0.0545299281836116,0.000117893836477237,0.130226348796705,0.000117893836566162,0.0565346661973061,0.0203230419164642,0.185084443803837,0.000117893836477236,0.127093687015269,0.0444201612172312
"120",0.00011527109151314,0.11587380791919,0.0603172459113499,0.383231966300959,0.0127759800817603,0.183178540615744,0.000115271091513136,0.000115271091513137,0.000115271091510706,0.000115271091513133,0.0190520618669997,0.0984628542313618,0.113916866201353,0.000115271091513137,0.0124990503222063
"121",0.0915099450400322,0.0537879819593397,0.00504916381142272,0.0001151694045717,0.000115169404476031,0.0210139116798871,0.092265118787208,0.0609508770128063,0.000115169404603722,0.000450000995659608,0.0323751417154138,0.474424528729438,0.00608460158126107,0.00619282757393015,0.15555039289995
"122",0.0102488610753481,0.0704452073100403,0.486291460024424,7.80566707657877e-05,7.80566697739123e-05,7.80566708425131e-05,0.0959316690797782,0.00141100138561703,0.0533722239201963,0.177618049002391,0.00273209447599513,0.0524663204449146,7.80566707657272e-05,0.00307792252178317,0.0460929640773648
"123",0.0276588642061437,0.121757951909264,0.0418825664171576,0.246624675364553,0.00292271425741042,0.171568673222635,0.000119245556823843,0.000119245556823845,0.00652772359356078,0.0510890358626715,0.00163103908965693,0.173219017682423,0.154640756167229,0.00011924555682384,0.000119245556823212
"124",0.211659123940325,0.0403116256050455,0.140488112659098,0.160156386951767,0.000169742290805974,0.0478442546778684,0.000169742291224147,0.000221317576856107,0.0302714060911563,0.00016974229122862,0.000169742291228619,0.0935598145267548,0.166115194276974,0.0863104445529112,0.0223833499767569
"125",0.000534528878843476,0.16414871277226,0.000114361829549476,0.288176269875818,0.0363440345768104,0.187971969366887,0.0262949118699364,0.0649258017024837,0.124759650268457,0.000114361829549474,0.0367444197897806,0.0511107373209868,0.0185315162595396,0.000114361829549474,0.000114361829549473
"126",0.013305800804753,0.0623707303462964,0.287705296678059,0.172760093937679,0.0427799066230231,0.041294945669444,0.0875293877551638,0.0253139149949571,0.00959944181765701,0.0128919861537483,0.0316710052195844,0.0361072666988029,0.0875481937903971,0.0811769311961457,0.00794509831428931
"127",0.000164679226592689,0.0502534844696344,0.000164679226594235,0.119000785858328,0.0507479265834374,0.078260526772818,0.192838851817199,0.0929850747230844,0.000164679227881168,0.0568394103112068,0.000164679226594233,0.0614382789139793,0.128767162723643,0.0282945268916677,0.139915254027339
"128",0.175245604524601,0.154622238288773,8.066606985078e-05,0.196136104142792,8.06660698460941e-05,0.0316441229916354,0.0133822268006205,0.0337673075092833,8.06660698596022e-05,8.06660698507829e-05,0.0309943081378278,0.144141005200077,0.207644285401651,8.06660698507803e-05,0.0120194666534799
"129",0.000111928483708058,0.0378418290549128,0.359335558055755,0.00660323247930979,0.000111928483691949,0.133490987872074,0.0612070182599127,0.00587170070007498,0.00011192848146969,0.130839871593594,0.000479114758130739,0.000111928483707203,0.210835183277362,0.00222821139282437,0.0508195786234723
"130",0.000167630686964416,0.0147210974243725,0.254005636794772,0.0995315868956905,0.000317802808749484,0.0786771374553402,0.114821456639236,0.00016763068696441,0.00463279791225559,0.0226299317020162,0.0436974507920871,0.000167630686966265,0.201750460000899,0.108186939570711,0.0565248099429752
"131",0.0402005041211796,0.109979371999258,0.0886398532233312,0.16211975709653,0.000121010123175601,0.0942766300291997,0.0159811299391783,0.000121010123264395,0.000121010124009825,0.0187037250049128,0.000121010123264396,0.0126052199148552,0.312627007438927,0.052068262465257,0.0923144982736569
"132",0.0247942322416944,0.0570263257217638,0.000122444378677732,0.120882942772415,0.000122444378140992,0.0673836872293087,0.00526739879387231,0.0829492993157897,0.000953243395968368,0.450770908368019,0.0319053521424231,0.128356092489872,0.0292207400147635,0.000122444378677732,0.000122444378614279
"133",0.0474375619318308,0.0384335417201691,0.191603801859303,0.000115633374625587,0.0359471062363978,0.0175753262441657,0.0561735966104572,0.0491552120006049,0.000115633374612046,0.198559975763533,0.0819551206827696,0.0827197363337391,0.199976487118542,0.000115633374625584,0.000115633374624666
"134",0.0863724129772399,0.141001600249166,0.209362567679411,0.160994738185384,0.00829516019917162,0.341089161582917,0.0316193317033068,5.61895124619213e-05,5.61895124371858e-05,0.000512858958568115,5.61895124619259e-05,5.61895124680614e-05,0.0204150313900835,5.61895124619259e-05,5.61895124619262e-05
