,0,1,2,3,4,5,6,7,8,9,10,11,12,13
0,0.03374560321198407,0.09498402599777554,0.019809064005630823,0.3897634309245444,4.523616110013979e-05,0.027805628973427237,0.11934894180470318,5.379413402231952e-08,4.1768198024021023e-103,0.10713248659053537,0.08911233634581543,0.0415934474293135,0.0766597447610363,3.7872318721468854e-31
1,0.20847113380007215,0.27528998195624993,0.004899870173863488,0.037080872775441545,0.01635086540040392,0.002499710721858143,0.03650863789182779,1.3517970491039184e-40,7.349331163015059e-130,0.014368473433533558,0.00245545416197798,0.3994610542527112,0.0001997591445387508,0.0024141862875214103
2,0.02898423011343157,0.3367644657919375,0.00017574572559123463,0.08462211857393126,0.07608228081532721,0.07072971461288723,0.18662378517652753,1.2376508019642804e-05,1.9674147211080506e-254,0.0991071927621367,0.07151388559228858,0.0431597955907901,0.0022244050811047363,3.6560266675358836e-09
3,0.04695546166885777,0.039248499420629565,0.04537614667475694,0.11898820051956224,0.007333414583238869,0.06295264443056345,0.008939030906482476,1.0596458745045149e-20,0.0,0.0855968867065981,0.1946789859352809,0.23976624319504514,0.14727361646677645,0.0028908694922081105
4,0.3095287922997582,0.0415123412889921,0.3133117750777893,0.11260990184392088,0.0004418982117154943,0.07663337033072391,0.05977868899587342,7.743934226218539e-10,8.679305835352765e-297,0.0001357337504341983,0.01155506034188673,0.0317951713799722,0.04269726570454026,1.435253774803112e-38
5,0.021030828018609733,0.029729108237607462,2.138897942726264e-05,0.5406255060873622,0.026023606118544974,0.007009246617281006,0.0167134725223317,0.0003099004827396661,0.0,0.059519633095235176,0.07596160239065092,0.057435893447833966,0.16561981400237608,6.370745579111162e-26
6,0.08457694299321052,0.490198906513859,0.0003582917084996719,0.04831934580209982,0.013757368202949786,0.015022589583133778,0.155672610261585,3.3446017007792106e-14,0.0,0.0009292817374639324,0.10352983502548807,0.08763267468107831,1.5750727137813355e-08,2.1377398713515223e-06
7,0.39390470036571085,0.00022759479374851344,0.00075741343462112,0.18209422843031076,0.00387120642852239,0.01782075817306841,0.08346718384688848,1.7840918051576618e-07,1.625115115944941e-72,0.03415572794546873,0.21971718134896726,0.06368529057625254,0.0002985362472604922,3.4909384684178875e-25
8,0.11155485832570405,0.060288983898474334,0.005204009428338299,0.25612400167920246,0.00029941905642045803,0.03039998964607189,0.010931930084537501,0.06835532422445942,6.955967156902407e-19,0.023192230508525695,0.03135970577676521,0.4016578045561931,0.0006317427962088638,1.9098764688198813e-11
9,0.007587574358737837,0.007810108255202399,0.00854655384409808,0.0013331147102361577,0.014067012022760242,0.0048636943288712445,0.5832419814017703,1.2568910212026213e-24,3.379487732460861e-247,0.05395155362417274,0.00528719616517031,0.15508121515379275,0.137790794157745,0.02043920197744271
10,0.19611773716720604,0.026935751908917338,0.048025968206472563,0.1566907027832275,0.0011212403163028798,0.03197554004542318,0.001169981973533816,6.972842591978438e-17,0.0,0.23285609345599367,1.437112896001291e-05,0.20439821984161174,0.022737442287360396,0.07795695088499083
11,0.030246818773658927,0.030704456531440844,0.22261945264912894,0.18853901566612385,0.14265814722735912,0.15685110352157652,0.001105086089800626,2.6705570604861478e-06,0.0,0.07756049893184105,0.0021581306418396715,0.1475482205028775,6.391967193920022e-06,6.940098657269369e-09
12,0.018561387822109747,0.2096734154018707,0.025556626130715288,0.30159767693366807,0.13657729659750562,0.05592420892869903,0.05845862703004316,5.090452233837682e-07,1.421845274085786e-66,0.016292887115556626,0.015841684097591003,0.1615147227764539,9.527007096839543e-07,5.419853813801378e-09
13,0.17360393648919234,0.11837679022853884,0.0010334452165595795,0.043942398391696565,0.028796635553194318,0.004733799714574114,0.1700341861708475,4.9998838685576183e-08,0.0,0.007773589615877309,0.14282891725421057,0.2613817909231487,1.0372325195985847e-05,0.047484088118125406
14,0.036407234778456705,0.13458790326226047,0.07488403000155058,0.31319692027264906,0.06746081547022716,0.11705367752692583,0.20479918968256597,9.544491883821625e-24,0.0,0.000416810166459723,0.0011695359422288158,0.030997906313166155,0.01570624929704871,0.003319727286460716
15,0.006205660469372366,0.09877339570252164,0.2178625709758485,0.16862885887745893,0.06590488710624476,0.07491893964305078,0.24392570070547323,2.0115869558892913e-15,9.647862710495037e-15,0.018280733055029204,0.03844305487333669,0.06618694493707405,0.0008692536545780599,5.513450639213762e-34
16,0.03010970202888131,0.03194214879430334,0.20060590603201617,0.05215758221169171,0.08726197068185772,0.15679762436886024,0.23958797149271605,2.3340757388142126e-05,0.0,0.033101113754217835,0.03175293365800829,0.05884800677232556,0.005823438454413849,0.07198826099331977
17,0.14202464280271238,0.07698819387833097,0.03545994637473621,0.4048189099721116,0.007338341560895463,0.0022647846624325196,0.2072771398179623,6.3572943261089285e-06,0.0,0.07415870291366072,0.011267609797613478,0.037750873639190496,0.0006444972860235818,4.055567383529549e-15
18,0.00047399133711814237,0.019234645008345055,0.07902453434169746,0.18913239498550422,0.0006702474846540165,0.007382437647607122,0.00016391790433859738,0.00046697439115782173,1.8055472223251426e-69,0.025223310896685367,0.024490463427405247,0.1399916453942293,0.5137454371812576,7.557558258525006e-38
19,0.03648476860107745,0.1712222596530145,0.024876018024850594,0.547881026648787,0.02739022523278433,0.05127265649173714,0.007708595462153559,1.8688085420812348e-12,0.0,0.008947866581024432,0.06637771532707636,0.05779149918542282,4.7366176744621895e-05,2.6134583926949477e-09
20,0.23171479383064675,0.0231354629702596,0.22849759079088214,0.09039520314175063,0.11699493969134572,0.015036987623099986,0.09894478942258773,2.3967220698281325e-08,0.0,0.018819945364444743,0.05149830527961027,0.028788319721834675,0.08969081098895178,0.006482827207365163
21,0.06860737975427544,0.05129082341003099,0.028290152754998923,0.08010930649125045,0.3000553125325178,0.04275417629198804,0.0859895691460355,0.00041635755324544247,0.0,0.11103286259058087,0.19540013477303553,0.01555923496421541,0.02049468603698033,3.7008453232327917e-09
22,0.0012859447649628028,0.13070487143300857,0.06128096505150478,0.4974944954598973,0.0022362933767911346,0.005246438747392174,0.08174565992581419,1.332014474065186e-26,0.0,0.0259423686609656,0.0253752118844649,0.044982463732069815,0.12326842314527393,0.00043686381785493434
23,0.03480422769329798,0.010504530343536697,0.015114408338860968,0.39848630418175346,0.03168894603954003,0.13804554038160566,0.20312550304501817,5.767284340144815e-46,0.0,0.027511941376106075,0.021789499275777516,0.08123070115848033,0.03769839816222472,3.7983392276213645e-12
24,0.12356120472662913,0.019558099025828522,0.07967533646272033,0.12754761884115012,0.013876364037437633,0.38828904986401885,0.026321990491981157,3.59548800863758e-49,0.0,0.07554231623805496,0.014710825140572979,0.11121188568321944,0.019704059767104914,1.2497212820884182e-06
25,0.12082482294746137,0.3437924577022637,0.05618873232488314,0.0011478737492736238,0.03849189278935337,0.01937030491381124,0.06566874922258994,1.199210543267016e-21,8.729744813634129e-158,0.013328524411849764,0.004666984282763677,0.335888120002029,0.0006315053275530386,3.2326167820769623e-08
26,5.1226923919277734e-05,0.1893428073237378,0.2698466811442879,0.13935901583798005,2.646899988372088e-05,0.0014797438445512691,0.006817111182429982,1.459006678293482e-18,3.944254472953873e-48,0.13939023254772837,0.028368154382119867,0.22227699229137707,0.0029568676751905,8.469784679421584e-05
27,0.06441034077427399,0.07549661540842516,0.0003102402625121503,0.07826317354338713,0.14606080857715006,0.0677980034243239,0.027911768904525174,0.04952568102704243,0.0,0.42950657679948867,0.0008894289324277688,0.05243113237250863,0.007396166860539826,6.311339507233982e-08
28,0.016134200920093832,0.054205836497494574,0.008032672834570207,0.27420527181653576,0.00546738069171464,0.05420011482050782,0.45807112894264923,0.0005607320641183207,2.8558196621969366e-63,0.02488006765722546,0.09134846374133515,0.006508934486033142,0.006385195527722092,6.683419999248207e-30
29,0.12483041588472578,0.21369259145126165,0.09119112416011696,0.17547294486486478,0.06269951384004663,6.783576364676842e-05,0.015207003391997037,0.06133774003237812,0.0,0.045667475561150375,0.20403137371928126,0.005363773372030358,0.0004382079585000231,2.990044949399524e-24
30,0.004598912417786785,0.010270587368756901,0.014267558179038225,0.008067157589837518,0.32694700424785655,0.08900892854547174,0.025915210113360752,1.7871024497037388e-09,1.4616209141962926e-85,0.14553069119164502,0.01367298829376039,0.3616637705573763,5.713803784422951e-05,5.1670162883704297e-08
31,0.0011225497998734284,0.01942137145711561,2.4324956130251973e-09,0.15051524988849813,0.004119452770518928,0.10312178661625825,0.37025533715363224,0.0003475706082730023,0.0,0.10147023613909059,0.10073880657242662,0.12828761142903483,0.02060002509916967,3.361302842602231e-11
32,0.010100980475743626,0.07356924240927055,0.08746931885982559,0.03139221758857505,0.05707007133707062,0.02387526854262637,0.05331568629521577,1.3905604934574946e-36,0.0,3.3316584644511356e-05,0.5196273357004277,0.13102833429738783,0.012462207245361448,5.602066385076486e-05
33,0.008464210561629694,0.10851649502240153,0.2412376922719411,0.07454740321313316,0.0027070725159188493,0.00033673206565625925,0.12999784302022532,3.1387237318433555e-20,1.9205830323499377e-82,0.0761062589015872,0.13851085853602912,0.18104645695414578,0.03852897693662879,7.029487553626885e-13
34,0.025026027152233093,0.04126080908621414,0.09692352142165608,0.034032987638631995,0.08796669073010151,0.014592191220544823,0.49758067586875154,0.02715285872432568,0.0,0.00012351337325834568,0.0029985389864986677,0.17179887952728784,0.000543306270496348,1.6457138498826721e-22
35,0.006668833475887633,0.08946218363082074,0.05640886201227525,0.23639955396842527,0.04726256963516678,0.09859736035842842,0.24628910637585413,0.021268896026726693,0.008560042327484654,0.0022500341734150277,0.003397953331046063,0.05825060590248634,0.1251839987819829,1.7535844647556951e-16
36,0.0021395082986341847,0.03611333018023251,0.000174297177189383,0.010368104399442966,0.13642536486074344,0.15473229828092003,0.2832180420650171,0.07429401813698724,0.0,0.14499638098508008,0.12050460733764636,0.03693459680884902,9.945146925594292e-05,2.037458701447779e-15
37,0.12799217718436887,0.029185418656031182,0.00039833322582708523,0.009409987900612848,0.023578581540044982,0.2769881036666612,0.28921283796551656,1.1224844806752641e-16,1.875056434881778e-113,0.08545511507788493,0.007273785404983948,0.0645435048066997,0.08596215456786713,3.5017147840446024e-12
38,0.048309455229180176,0.004747978761036569,5.154465852670356e-05,0.06225066313892631,0.21609474221378125,0.02749883435261093,0.2048018828165879,1.7585705477588153e-10,0.0,0.0005779587240487597,0.12112230892482956,0.26537524964919723,0.04916938094082355,4.145939463181519e-10
39,6.370191839159547e-05,0.17276775069545308,0.11740127539313816,0.1100497907731166,0.094291657040004,0.004263704465339129,0.21446301548777208,1.700923821801527e-12,0.0,0.07671807609777268,0.046332847236610936,0.1578166308503034,0.0058315500403972684,9.814585333072908e-44
40,0.002557141448608072,0.055318041527706585,0.011854378890366014,0.23313781899719904,0.0035887720656886616,0.00016378695654088051,0.11572420973706929,0.0004774631058477666,0.0,0.21080432000060462,5.6245380550324354e-05,0.3388381512834337,0.00967384256212795,0.017805828044257205
41,0.06368625286279747,0.15457126546287928,0.05976242065112007,0.22712297326681913,0.003835760715224518,0.0012428731897556446,0.2517880578193123,4.05696027635037e-37,0.0,0.1324043532283815,0.0015339566565987198,0.10371300754209815,0.0002797352782425023,5.934332677058127e-05
42,0.27840724423502694,0.006252819774727056,0.046239929532878254,0.25911125859455203,0.009745403845518051,0.0012388601146622394,0.094711220938913,2.7713031744629735e-07,4.624961963260176e-32,0.07167533021442662,0.03299556842868716,0.19608393682740652,0.0035381503628848644,2.1794369855142755e-19
43,0.13178192915450906,0.19853883151267163,0.08091744339503874,0.06773041547068813,0.034180427644642505,0.007574687818442147,0.18024686548984592,2.500716522324215e-11,0.0,0.08718860018270223,0.04137528195029898,0.08002020812411947,0.09044504519654183,2.6403549234425243e-07
44,0.014120130758245333,0.009012459213978708,0.011677665153336392,0.08454338406477963,0.10203625251408428,0.17376120950159088,0.3234933261992115,5.9934899908621036e-05,0.0,0.006011816590351914,0.06356504139098001,0.2112326819210935,0.0004860977924392316,6.314022008441956e-18
45,0.35711778308728875,0.042871755894844446,0.00039743361942338996,0.06539744308114316,0.03547022794515844,0.003906688616317414,0.19849006994168755,3.422173636652457e-08,0.0,6.045283063716567e-05,0.09492791578845414,0.16514062762155088,0.03619285727097734,2.6710080780759516e-05
46,0.008041105432246645,0.044274372518627474,0.00014067346685905647,0.11885840298511631,0.001824385121199473,0.11779526797388054,0.6107616377022553,8.926896269007358e-21,4.2176740850641875e-169,0.011426841807287149,0.018238991718483717,0.0686076125220492,3.0123564593294916e-05,5.851874018128384e-07
47,0.20640080937669808,0.06870614907912131,0.09664373018512246,0.016713549832914402,0.09575255389618544,0.0016830270959434168,0.09179213226831426,6.004602191478521e-09,3.449937230341211e-268,0.029733477188414,2.9192641889540602e-05,0.3910001367137602,0.0015452345781287065,1.1389057181607462e-09
