,0,1,2,3,4
0,0.010629654498258874,0.12210987428443945,0.012396370099012245,0.1400530844735288,0.7148110166447604
1,0.23264369468991475,0.056605540607877286,0.011148063789131708,0.450850352231231,0.24875234868184523
2,0.2529989556738482,0.2822298790988328,0.4064831904828357,0.0017511300203612592,0.056536844724121835
3,0.038683811875497354,0.013493539785298504,0.23271302736217958,0.2699086299175816,0.44520099105944305
4,0.021364293074971397,0.20351611213234164,0.5373320206128752,0.1990019408647087,0.03878563331510303
5,0.5464298976568754,0.10781951279268132,0.038679646127770514,0.26775116323955606,0.039319780183116576
6,0.6668288477741873,0.14342398168583836,0.002288183917008576,0.11479008056406716,0.07266890605889868
7,0.0004098092901476334,0.8022890315286478,0.062195255903396605,0.08818614146547639,0.04691976181233146
8,0.0024310536074833803,0.21282395143385052,0.0026506824615214622,0.6671015446335601,0.11499276786358466
9,0.0271381312972203,0.3046826779908058,0.038540597151489,0.6029044853602336,0.026734108200251412
10,0.545962098906483,0.19037151408166078,0.00013349103129352372,0.12331784755046062,0.14021504843010213
11,4.804193675027393e-05,0.41156950096944805,7.078481449019571e-06,0.3016613166535448,0.28671406195880783
12,0.03296964109817959,0.078077705679014,0.3729044429941155,0.255944743154306,0.2601034670743849
13,0.39517956102981106,0.3267226456568592,0.012084722191407203,0.2505993978880296,0.01541367323389292
14,0.26819252671897653,0.5053931616820098,0.001490913248367639,0.18560756098227205,0.03931583736837402
15,0.10772937432738186,0.022602065620713308,3.944548547031119e-05,0.6114885774886727,0.25814053707776174
16,0.12700738795610353,0.4611424759056675,0.08520386518722863,0.27570392848691544,0.05094234246408494
17,0.008352269270888958,0.5079703418065461,0.17083137106030977,0.2633457718642225,0.049500245998032676
18,0.23780566156271193,0.06598248831237724,0.23919728708394264,0.2153598534828009,0.24165470955816723
19,0.03227187508832369,0.1201072845533519,0.7377479486046803,0.026488312376738325,0.08338457937690581
20,0.37896662296938877,0.12691614269556098,0.0017960218611188224,0.3908245998594796,0.1014966126144518
21,0.0003153150841081565,0.13240307306525428,0.08688725635009943,0.7735171478344014,0.006877207666136759
22,0.2769841058759054,0.16850252522331152,0.03150720540051296,0.27061177812984616,0.252394385370424
23,0.0012244099152856434,0.19037447960257112,0.5559042016895808,0.24703659874514766,0.005460310047414941
24,0.12651561960549382,0.11268970869496762,0.022630268771871093,0.19826430428583672,0.5399000986418306
25,0.06634289712986514,0.04193579544601996,0.014725938659998392,0.47773368544282635,0.39926168332129025
26,0.0017308675914704476,0.08425465331405538,0.023470419448521698,0.46481241360687015,0.42573164603908226
27,0.4310766575307782,0.19645651019722812,0.21985086370662568,0.14176502657218215,0.010850941993185882
28,0.1564283864649069,0.011555919190877353,0.008876367461658503,0.752584807143232,0.07055451973932525
29,0.24467675345303327,0.17050054893171188,0.0657705194492765,0.1645778594082275,0.3544743187577508
30,0.03528434360645313,0.005088086069997611,0.7982001097720687,0.15894194953196855,0.0024855110195119083
31,0.28167608047615217,0.16700459206922852,5.231151328691508e-05,0.44823495823300413,0.10303205770832836
32,0.013810599897435253,0.023746175048616786,0.0007281396316523479,0.3625836588327063,0.5991314265895893
33,0.09756232621156712,0.382600681728945,0.06504541041599894,0.4510488470946215,0.0037427345488672747
34,0.0032981056781176085,0.4853223709277647,0.019119515738178234,0.22154347067169275,0.2707165369842467
35,0.01025222451726592,0.5342782236756741,0.02157451176706623,0.41657880875217057,0.01731623128782331
36,0.0654810085772639,0.03354962870069473,0.0031276501404029155,0.24106593849399616,0.6567757740876422
37,0.24154064051668328,0.011796868979092209,0.004133001083584371,0.14666342920812178,0.5958660602125184
38,0.0009472817222250106,0.12895546660441537,0.11361351191830367,0.6542480171346445,0.1022357226204114
39,0.011990384357564547,0.874126434270118,0.0023919676023295895,0.06223661498715817,0.049254598782829534
40,0.3055476599699394,0.14058259561838596,0.28996127061895854,0.1962776223186195,0.06763085147409645
41,0.5217516124961243,0.1496107602502351,0.0014788304622743193,0.2328042606843049,0.09435453610706117
42,0.11303131017542373,0.09946133559800284,0.002316533810302546,0.4424592615476916,0.3427315588685792
43,0.016229985473918074,0.4307590251792732,0.0013037025709503618,0.45200753854622977,0.0996997482296286
44,0.17956209087823852,0.03227859973960916,0.0032039856871689254,0.23933692317381572,0.5456184005211677
45,0.07257142118589302,0.13353524486595822,0.4178073838327048,0.2939383034806221,0.08214764663482164
46,0.10772240825259582,0.38000998244249823,0.10766141059704444,0.3271896946519073,0.07741650405595413
47,0.0698670760847401,0.02280386642817616,0.002852803323294215,0.9004552813417265,0.004020972822062967
48,0.00647478364003362,0.09929363515500489,0.16109432064851495,0.5528401203283224,0.18029714022812424
49,0.011307329264093646,0.2836956259884722,0.01745717973754281,0.6606021888894993,0.026937676120392127
50,0.6353993399799616,0.008839800762754174,0.013075798878906406,0.34164081300594934,0.0010442473724283827
51,0.14502232385530978,0.29469414629202223,0.17330470960025088,0.18032933506611878,0.2066494851862985
52,0.11324600322550346,0.21933845579733807,0.00015459033817215184,0.09299891250330887,0.5742620381356776
53,0.01182800448558797,0.276204643977024,0.40325064700108726,0.10364830135734016,0.2050684031789607
54,0.16957878410867885,0.22366044991108644,0.00354970395135139,0.5870981997641944,0.01611286226468897
55,0.0464474647293992,0.4156349559569357,0.07660817725408232,0.36513706628529424,0.09617233577428849
56,0.3429312021489178,0.15690535520582563,0.0021828732062539303,0.18520016881180335,0.31278040062719936
57,0.01775152341439218,0.19110219960824587,0.09398582111837638,0.4218729507442132,0.2752875051147723
58,0.04162790568566283,0.1820259736833435,0.056421949701283655,0.43104316903277146,0.2888810018969385
59,0.10968593020149989,0.41061167583192537,0.3244210096062376,0.08795363797731552,0.06732774638302157
60,0.23232349521034623,0.4707871488229479,0.0031822071104753045,0.29081605593777926,0.0028910929184511216
61,0.017914625745699905,0.005625567473231131,0.7556928076647861,0.07767616393522958,0.14309083518105337
62,0.003917155403044855,0.08907528346714812,0.5829328210461556,0.06712780733093983,0.2569469327527115
63,0.0009288461854104558,0.015887608235890024,0.14930562253568516,0.011250030353172005,0.8226278926898424
64,0.38411320038624175,0.15247684140432882,0.3840811548797987,0.05745434543434113,0.021874457895289554
65,0.0034651295611281673,0.12915641858249674,0.7278409933282368,0.07430666683821155,0.06523079168992663
66,0.08370761046142532,0.25137403963408483,0.05848177574409736,0.5723929389865505,0.034043635173842034
67,0.0016382482544156237,0.43251944763029543,0.054970929468954446,0.395485091276593,0.1153862833697416
68,0.2899160200921622,0.529626059620635,0.00021601204208630877,0.17175229761119487,0.00848961063392136
69,0.005072303573381829,0.059506789077798265,0.17472714912484186,0.03775869804759941,0.7229350601763788
70,0.03637176202894615,0.23234989555579463,0.23166952922171358,0.43359240465771787,0.06601640853582777
71,0.7975812556059508,0.043089911583281536,0.030628770012184205,0.015934068822695262,0.11276599397588796
72,0.33693297985794274,0.40093810511862155,0.11956767229739004,0.11453309745942808,0.028028145266617694
73,0.5027331081265809,0.05459893575858889,0.013924972336169038,0.050685991356585934,0.3780569924220751
74,0.22059358135918378,0.3228598250066287,0.014038026587979247,0.3713075991319912,0.0712009679142171
75,0.1366580568612898,0.06372937352568625,0.35851387507335736,0.16929551639380452,0.27180317814586213
76,0.010345968364200877,0.10721403904801846,0.050580104365545206,0.6725936979748836,0.15926619024735186
77,0.011487963507613523,0.24055601951072758,0.27386925712237575,0.4423763899969844,0.03171036986229882
78,0.21397532520820822,0.0020116045809068102,0.037683326464791535,0.039766217723699336,0.706563526022394
79,0.01962648221144365,0.31691727350040866,0.21638114913007434,0.002234936644552516,0.4448401585135208
80,4.965521303394022e-06,0.676592701666533,0.21494892679384733,0.09998773464636108,0.008465671371955297
81,0.2805193852968028,0.3466985673907633,0.2492436470111302,0.043973544089160085,0.07956485621214361
82,0.2874693312846586,0.5637453932283704,0.009806237232403685,0.05635176519864476,0.0826272730559226
83,0.08030389458737452,0.29674885440701426,0.000993197575480066,0.27762555181770115,0.34432850161243006
84,0.1659482667560576,0.46298027610276205,0.0003497160219685676,0.21410828379014812,0.15661345732906354
85,0.10233893178864525,0.4194920897460258,0.028889277669873616,0.3790716085588934,0.07020809223656191
86,0.00032127977132711107,0.16774838301213055,0.0004711560452588318,0.39262964956524277,0.4388295316060407
87,0.03928934402812964,0.2347839351624167,0.04549220269828167,0.06892843111108811,0.6115060870000839
88,0.007357434150487168,0.5169347687885288,0.05092152821610552,0.1809588193316455,0.24382744951323293
89,0.6581519932021832,0.059250457793914704,0.013389450018189973,0.21229239222212176,0.056915706763590306
90,0.3279467384655935,0.33709882209692194,0.010315389749400262,0.2785279385658898,0.0461111111221944
91,0.4509002915778548,0.06677414310764317,0.24795818511329018,0.07377574415458518,0.16059163604662666
92,0.09637630317884287,0.43985728347195596,0.4125760458722153,0.03618852411286493,0.015001843364120755
93,0.3769199774426401,0.03020325332500246,0.0014838520667271825,0.49973629279616494,0.09165662436946521
94,0.1261171829748071,0.0951644943103376,0.0011178555727714777,0.07940394833236068,0.6981965188097233
95,0.11284010709787566,0.5659562697698208,0.11393252159979098,0.1416033875286168,0.06566771400389583
96,0.06918157134925718,0.4674273583712485,0.06687736539584413,0.37857862354967275,0.017935081333977476
97,0.6772872982889607,0.06475030128161602,0.09316951518738018,0.09746074119226499,0.06733214404977793
98,0.0005524510535590926,0.08667350416858911,0.049099891411655334,0.7629782782715828,0.10069587509461363
99,0.0014514105632584097,0.18825364590553909,0.06112483420996152,0.13005787186644852,0.6191122374547924
100,0.0007184524468952075,0.2003110235516853,0.00019724862073680605,0.4045784401386883,0.3941948352419944
101,0.6967320793512041,0.09125807817132751,0.09700860615650506,0.09326087125036603,0.02174036507059741
102,0.02965086686437149,0.2513012856022973,0.05131910796539865,0.2979021685442928,0.36982657102363975
103,0.33449101032889783,0.07325889206397192,0.0029292895872053333,0.32212419156142164,0.2671966164585034
104,0.007045026301836453,0.2053270776899904,0.13893450117160144,0.4009770189540342,0.24771637588253761
105,0.03388134861133737,0.7234022495663898,0.0220317042529312,0.10038317460286356,0.12030152296647803
106,0.35454573249602434,0.008900401090299088,0.02325145251842863,0.5912024054950674,0.02210000840018048
107,0.02087650089317673,0.06338778866972837,1.1462018732996702e-05,0.8917924843705094,0.023931764047852473
108,0.18666735724179656,0.03207064853922652,0.2917614470064028,0.4327834073227771,0.05671713988979709
109,0.10469086372089054,0.6525173598861561,0.10346614038022595,0.06711943185911835,0.07220620415360916
110,0.012022066204814042,0.004828785395951143,0.0569875421287979,0.4534214723255379,0.47274013394489905
111,0.05045692909976146,0.7213198424000558,0.040536531819936744,0.1237300136256362,0.06395668305460997
112,0.6692177188877592,0.1205515894609712,0.05788907773472293,0.0123903252553474,0.1399512886611993
113,0.04368130822746484,0.3339229270007714,0.04079363379758359,0.044889014872679184,0.5367131161015011
114,0.02112027081043833,0.18901948308324473,0.023919865024077714,0.6701410378890214,0.09579934319321795
115,0.2925390628654904,0.6131732003729948,0.03883454273030149,0.001849129255948257,0.053604064775265005
116,0.15286488813677093,0.1778889391603123,3.0418435988818174e-06,0.5359793452569117,0.13326378560240615
117,0.09392262150354046,0.339981824675125,0.19532087732251752,0.010561105928725447,0.3602135705700916
118,0.19569223196148974,0.10066123243491674,0.08514285669545842,0.28106783015971354,0.3374358487484216
119,0.1309328960265882,0.5324490816803259,0.042638920797095796,0.2189405042716686,0.07503859722432164
120,0.00029021830386697484,0.10336700555159116,0.07781005505059267,0.16487505426446833,0.6536576668294809
121,0.3804283792281515,0.05920322119606422,0.011023949928787115,0.24491847792886295,0.3044259717181341
122,0.10736067786777832,0.17084395643731265,0.11566392466197631,0.5940397134616491,0.01209172757128373
123,0.13965628124448648,0.08284806998167274,0.012087042003057073,0.536299824333973,0.22910878243681063
124,0.08026861134049713,0.8277932326315464,0.01206043000290772,0.037955958942980025,0.04192176708206879
125,0.00016619943788662367,0.22819378371628812,0.0021607803825336265,0.1791803875237671,0.5902988489395244
126,0.033515367812370106,0.13710036190561206,0.012289181249657161,0.7177579210553736,0.09933716797698709
127,0.8060133197364906,0.03367874286769905,2.449688377936457e-13,0.05207637382527664,0.10823156357028858
128,0.0617223913136291,0.36994341169791256,0.04825287141780899,0.18004978709939035,0.340031538471259
129,0.07977205615671201,0.3547041611073576,0.0039829079867037724,0.2877080242874158,0.27383285046181083
130,0.06020842211112902,0.7668356792426737,1.2222067949790255e-05,0.12704871993484704,0.04589495664340026
131,0.009018266195180244,0.10064087900703363,0.009796158896078981,0.4059348921100897,0.4746098037916173
132,0.022600739501110502,0.5045220593765473,0.11218551939737943,0.2434361023165662,0.1172555794083965
133,0.008107931291900199,0.7181348507820331,0.17567149738323432,0.04986906745677757,0.048216653086054655
134,0.13556644141070562,0.2380091409011778,0.25517694935304464,0.14542991369613012,0.22581755463894193
135,0.024545981376071276,0.10241667100978906,0.08849192611211038,0.49271126138569193,0.2918341601163373
136,0.461473107048802,0.1681931743877842,0.1146394853164688,0.009681964823049062,0.2460122684238959
137,0.07451079097899015,0.18956471107051828,0.0028900696726145746,0.3924356282645508,0.3405988000133262
138,0.08333584973698699,0.3665840488067689,0.144717194838331,0.18240053731652514,0.222962369301388
139,0.03449285161176456,0.1489493622729844,0.04842582595545077,0.40606611306510726,0.36206584709469297
140,0.1399181620669667,0.45519391359778766,0.040221358300911114,0.07079246105273636,0.29387410498159816
141,0.02184208394282782,0.4819562282147328,0.021579826466874827,0.2724484770229796,0.20217338435258492
142,0.00027453507993370425,0.69706073622054,0.10932355999456247,0.13215147533435143,0.06118969337061245
143,0.11558326145794195,0.7412470277579639,0.11778827411319695,0.023544246462802492,0.001837190208094777
144,0.018685462238909455,0.010755171829913517,0.0704924081950253,0.08133618712514654,0.8187307706110052
145,0.42160446166920396,0.02338411703930865,0.007797611992393257,0.04211075301041912,0.505103056288675
146,0.10241993172725687,0.5364593778937241,0.26393986063769775,0.09232186632331442,0.00485896341800673
147,0.012615780936310848,0.12372692965261413,0.015217946790688892,0.4224394288117359,0.4259999138086502
148,0.031162045223162228,0.062214985803987474,0.0006516741279996849,0.7694406427167053,0.13653065212814516
149,0.37754831127971694,0.4413765071886729,0.04478956982277983,0.023838353510337567,0.11244725819849265
150,0.3329149726164454,0.07282924761213723,0.06849708104007074,0.2964457006755584,0.22931299805578814
151,0.5093737585748263,0.21444019847524484,0.11805491686023814,0.0968013137546717,0.06132981233501896
152,0.17988098813555192,0.6933156051230415,0.0016863804218261377,0.0452942078988789,0.07982281842070156
153,0.5836791869807869,0.22458445898968118,0.026765789043323086,0.14875150901861672,0.016219055967592117
154,0.01894695318670098,0.2084726599727639,0.07872435184188768,0.20494288310616024,0.48891315189248724
155,0.38528249082929383,0.26935621095369305,0.2780666432578532,0.04405854033629218,0.023236114622867832
156,0.1718235637087238,0.3843584437416085,5.7740766196482426e-05,0.04786281284056406,0.3958974389429073
157,0.10515625167631015,0.6886292022994954,0.023059054039043042,0.06969017875274751,0.11346531323240382
158,0.0008046998354661887,0.24529859657496864,0.007123690658171402,0.40914741927057274,0.337625593660821
159,0.500164418934781,0.08954190095146312,0.23538374589778055,0.11040793878708596,0.06450199542888918
160,0.021636734281183227,0.053941539867519005,0.0600934110604501,0.8012781922354354,0.06305012255541231
161,0.014126811420510692,0.13945633501812812,0.3203067859248717,0.03540601451071645,0.4907040531257732
162,0.2458079069998108,0.04305185839122544,0.06447340366238176,0.3089981937010714,0.3376686372455107
163,0.016072550078082514,0.16151711792255105,0.12428982556966386,0.52395186688261,0.17416863954709272
164,0.15166034328322783,0.17049504380933422,0.23066584605572765,0.43583084285015344,0.011347924001556733
165,0.005631453842593426,0.4722488879152613,0.1107653843254713,0.05790661339696883,0.3534476605197051
166,0.11632371002825499,0.11816616528994238,0.4676981294619724,0.13204108728437677,0.16577090793545338
167,0.15547777997829154,0.2752529366657782,1.6586815787126592e-05,0.5074852287122359,0.06176746782790728
168,0.010866621064700249,0.3574899889197413,0.00020096254798014678,0.5022349489833854,0.129207478484193
169,0.6683462752067656,0.24121228322728067,0.07004711911278545,0.012087986041861912,0.00830633641130651
170,0.1665550662552653,0.18365860199903403,0.20641432890682035,0.1266630410989048,0.31670896173997537
171,0.4226414475287683,0.0006057542045882702,0.06926393027757051,0.40803607659207125,0.09945279139700182
172,0.13032736923263977,0.01431868917486104,0.0009405219341727145,0.0034668440698029596,0.8509465755885235
173,0.17151625528838285,0.08399273792042941,0.15551857559859314,0.551888637216371,0.03708379397622349
174,0.0001205374709687339,0.4046332159707138,0.07896162233964765,0.24169400466798327,0.27459061955068653
175,0.0023202122010296806,0.07374129623025755,0.21625768391863864,0.5053461627482149,0.20233464490185915
176,0.06581753826911582,0.18979089289480286,0.18499323061638837,0.1515448650721256,0.40785347314756726
177,0.12860047349684764,0.6016242527200459,0.02078779086126241,0.06836299529507142,0.18062448762677255
178,0.08020561285011912,0.2026142073460599,0.2160457715726614,0.48815574162930686,0.01297866660185267
179,0.13103094085465936,0.16178545122391824,0.309903329919448,0.19653165505586004,0.20074862294611426
180,0.20400196273940574,0.2256467716755191,4.491087484994457e-05,0.5415457927955946,0.02876056191463057
181,0.04914853176089225,0.1263062366915425,0.046306101177124095,0.5385317304201052,0.23970739995033605
182,0.034123361818272094,0.09481727253387519,0.015726641982199804,0.00025235392392166576,0.8550803697417312
183,0.05193191649083243,0.18681148934174038,0.002780975939316269,0.06231040158274301,0.6961652166453679
184,0.003443827251975611,0.36469762101816466,0.19995253903767662,0.19147524246180916,0.2404307702303739
185,0.006562880978151907,4.1029298116533314e-05,0.46395944353764507,0.521613901165385,0.00782274502070159
186,0.0024414517445765266,0.0006880933739083781,0.03846616300722882,0.20322725419099208,0.7551770376832941
187,0.11817756152222228,0.09331106670281455,0.23672859608761862,0.20967096647832587,0.34211180920901874
188,0.3417564773529167,0.1209393677495163,0.01870894408700308,0.08004479283375344,0.4385504179768106
189,0.00010278267241878457,0.08675088819236718,0.4176575371685043,0.016356385656132705,0.4791324063105771
190,0.05826834669538528,0.1825072033164443,0.36623731227520734,0.32528107772630876,0.06770605998665431
191,0.05801593162496765,0.035357437593260016,0.016562109009755147,0.8349227284398931,0.055141793332123996
192,0.04832061263944998,0.09674811460796318,0.06466164656152638,0.6121058691943098,0.17816375699675058
193,0.13287389554835227,0.3130890224259375,0.3703585600585452,0.024277440015842124,0.15940108195132283
194,7.674802488026828e-08,0.8918556048265353,0.0016078939585663676,0.013402826840210581,0.09313359762666279
195,0.5913929011067413,0.07952599699542012,0.150740538507377,0.15585627310696992,0.02248429028349162
196,0.5297688784958992,0.0313440836432933,0.04331064560625429,0.355383684530101,0.040192707724452194
197,0.5289872545898723,0.04854850142709979,0.026350610424090593,0.09561879732520233,0.3004948362337352
198,0.19682293206938176,0.1252359642864198,0.0009421691345748748,0.04007997159889328,0.6369189629107302
199,0.07568065085183427,0.4481678944937374,0.00581343287173518,0.3242874245974169,0.1460505971852763
200,0.00886496201251582,0.03853758336700196,0.5314334675817494,0.013326087181449295,0.4078378998572835
201,0.008417138652669331,0.6320722678767662,0.008255828763214793,0.005937317416694113,0.34531744729065533
202,0.018069427726250798,0.25559922640401583,0.003818241309732932,0.5787224113118772,0.1437906932481232
203,0.18178804645571972,0.44892633797091663,0.021377081465762546,0.025905489507853242,0.3220030445997478
204,0.012061092792767264,0.354573207261532,0.07537608150497939,0.37185840262306546,0.186131215817656
205,0.007902873711323206,0.2074050334718908,0.2077701534406579,0.009530288070803354,0.5673916513053247
206,0.14407364807962,0.04231979314853497,0.03968328526156651,0.4005639306781358,0.3733593428321427
207,0.2857032539700079,0.16716307369506792,0.002763659342355569,0.4764760248888626,0.06789398810370621
208,0.64185753620301,0.2975102998323081,0.0030476160040490393,0.05642979519361008,0.0011547527670227402
209,0.03986506672579276,0.2604776228959202,0.008725513727042814,0.032362182620132574,0.6585696140311116
210,0.00667663919595859,0.350559681383572,0.03414946024567885,0.44973499174732706,0.1588792274274635
211,0.02233067991264641,0.36568149227866537,0.04201134424632828,0.006745748800712014,0.5632307347616478
212,0.05446773468934529,0.3234823661595788,0.09392160489310863,0.01725990589244493,0.5108683883655224
213,0.08108537078786801,0.10299043028891318,2.2639791679583658e-08,0.12301221018497685,0.6929119660984502
214,0.520231936873677,0.15970740425393135,0.050215594066812246,0.039006441781058256,0.23083862302452118
215,0.07294654249082906,0.3501638706358749,0.056161895550526815,0.39234702646683417,0.1283806648559352
216,0.534967075214983,0.02312376940292466,0.09000779091658431,0.2985060301165914,0.05339533434891671
217,0.0023699045549416113,0.6413327963968608,0.006365400552302308,0.17513790112936795,0.17479399736652748
218,0.3160667443136641,0.1680345443459958,0.3316745747193478,0.08556432850576107,0.09865980811523122
219,0.04882742248587797,0.18953200604002615,0.679140770588531,0.075009594219251,0.007490206666313816
220,0.00591289196836887,0.020843317489941213,0.17349252693346415,0.7630022130522044,0.03674905055602147
221,0.006110111946659039,0.5786638669426601,0.029430293132365774,0.13951748275833376,0.24627824521998107
222,0.06667272421285794,0.24313267853690226,0.21497346521546085,0.0010713948515653846,0.4741497371832137
223,0.1804652640849272,0.1386679097665097,0.40828569469309967,0.270984572872562,0.0015965585829013286
224,4.784652440017826e-05,0.1790965050736591,0.06862602494745466,0.5997289490810389,0.152500674373447
225,0.21902742369898653,0.3452966379134106,0.05864484876519088,0.16432138097066154,0.21270970865175057
226,0.13585964700729775,0.16823243041663752,0.6629079126773277,0.0005453056176894696,0.03245470428104749
227,0.19457548472446676,0.11789722588579163,0.04049368806713483,0.552521067958844,0.0945125333637627
228,0.07708848937575727,0.1155634723517171,0.09390947023199663,0.3090300462456842,0.4044085217948449
229,0.00287396061259815,0.20079021279550638,0.5206403373854207,0.021744327198934533,0.25395116200754037
230,0.026259020690880052,0.13868727374208045,0.20112061658793515,0.5448882245637494,0.08904486441535515
231,0.017276247966191764,0.7058968690224178,0.0007383754378770548,0.05782087952742135,0.21826762804609207
232,0.007925003150707115,0.03488978876167857,0.09394376751853932,0.6112783484580009,0.25196309211107404
233,0.5654844109666397,0.21405807841768115,0.01086668784299413,0.006031662531637699,0.20355916024104753
234,0.18827209858636673,0.054198677758139656,0.57101372970555,0.1178248594970356,0.0686906344529079
235,0.05808831602750778,0.6565130069773065,0.03882256675480741,0.18421969875483296,0.06235641148554523
236,0.024635731286115906,0.04864934085000202,0.0026191714002975117,0.8198217774845838,0.10427397897900081
237,0.07288917454900733,0.4905609361876124,0.19685308671994073,0.0003478961956428085,0.23934890634779685
238,0.0016828875166844293,0.7159002077326483,0.12719085407246877,0.022887855338696927,0.13233819533950153
239,0.29619169593413447,0.269234477794583,0.002383397872245463,0.03904861716322876,0.39314181123580816
240,0.07312531093423674,0.29371562696103914,0.0009250644299560553,0.618423016596483,0.013810981078285106
241,0.16907790599051353,0.02144401014118002,0.13519507847541537,0.3169150278377353,0.3573679775551558
242,0.14384411898486485,0.035650615957009954,0.6090430362056343,0.10800717906452145,0.10345504978796942
243,0.001732611528284513,0.04546191887480582,0.0003801708851894186,0.0068670306355315775,0.9455582680761887
244,0.2602907523207612,0.4736311517693551,0.016605134813898373,0.11796605077145308,0.13150691032453227
245,0.17240513918285508,0.7245373605943358,4.8511676167253994e-05,0.0849395568964143,0.018069431650227598
246,0.1345358601595038,0.06368146387724834,0.023059845949029024,0.7331289388503403,0.045593891163878575
247,0.05007538401325968,0.7673788079041031,0.0028088902161942566,0.08211351289376675,0.09762340497267606
248,0.08409646299439531,0.321309199117085,0.16080142840768138,0.3755837103432558,0.05820919913758257
249,0.0638009937939366,0.09530068979764235,0.6320441069275384,0.17904807454647106,0.02980613493441162
250,0.043212848658373215,0.12912836536793343,0.28424261704169373,0.22585555518589123,0.31756061374610833
251,0.009976182755479523,0.10704191789936014,0.07784165061360891,0.37326837213108477,0.4318718766004666
252,0.012249996039183511,0.06506664382384739,0.5886530472236251,0.3008884260821638,0.03314188683118004
253,0.0005817433511649274,0.08829435225872416,0.00010388161234764457,0.8045224667104554,0.10649755606730782
254,0.001538337655651783,0.27868354283336905,1.7196263806711368e-06,0.5598849750920735,0.1598914247925251
255,0.011799724143476506,0.351472323705126,1.0236358565909263e-06,0.5310383839311485,0.10568854458439221
256,0.033788597442016066,0.5385549149581214,0.005279407614410648,0.2066150206698765,0.21576205931557535
257,0.12679312073637186,0.7164113975086724,7.654207966875808e-06,0.05712808151693592,0.09965974603005288
258,0.45564246674552084,0.03141944445100309,0.11070673139959908,0.4014872324209625,0.0007441249829144773
259,0.4863105723190386,0.2880239196077285,0.10049633896360152,0.06876289867640983,0.05640627043322159
260,0.28618187147323687,0.045308743378608206,0.01835016303067422,0.11761362190476134,0.5325456002127193
261,0.20775634864771025,0.5007972154197945,0.005595719205741869,0.24376748892255837,0.04208322780419496
262,0.001609880918670635,0.17578750343623156,0.48504783506568466,0.048569388278103094,0.28898539230131
263,0.4988261745294031,0.12846616975573869,0.12183466165625889,0.19769505765501919,0.05317793640358031
264,0.30009555697767465,0.2867124250132763,0.04861024786923482,0.04398974612926126,0.320592024010553
265,0.08062621446371562,0.5197620060915009,0.14231264860359621,0.19392347768941434,0.06337565315177292
266,0.03028607089996657,0.11218276558822872,0.7289265062743066,0.0029660508117612633,0.125638606425737
267,0.27974049753424973,0.19106608034267478,0.0275946500484255,0.26399140092031637,0.23760737115433367
268,0.20340285690402707,0.06238962153256599,0.00020209106970439308,0.046060060326265556,0.687945370167437
269,0.0006921329351770732,0.1106811873836135,0.12890212788792713,0.26123031191810064,0.4984942398751816
270,0.11962216236283149,0.10899938254223245,0.12391587923319228,0.46588988529150216,0.1815726905702417
271,0.5709214492416969,0.04766437446611927,0.00047709405004145314,0.289957575950899,0.09097950629124339
272,0.14744580031974175,0.4817733485994461,0.02932321315604339,0.005858969475861148,0.33559866844890746
273,0.0007639468430702509,0.0032214872802358158,0.0002918325353680617,0.26256860406913307,0.7331541292721928
274,0.5342454754774936,0.09546926319969472,0.017745788387794417,0.18778735461116539,0.16475211832385198
275,0.16128740873886974,0.00046238339131654115,0.10253024348576938,0.004483785060995202,0.7312361793230492
276,0.39191904425328367,0.35751434909135277,0.0017097325513212535,0.16899998103870964,0.07985689306533265
277,0.011327788906523214,0.08477882639492673,0.031418410768037176,0.0016530392601941967,0.8708219346703188
278,0.07637050542168858,0.11169719703964155,1.963794924549815e-05,0.4937983818013041,0.3181142777881203
279,0.3432543136297874,0.06924122674220595,0.0003264823756091466,0.5434031042839026,0.04377487296849509
280,0.26556506175949296,0.13347985985414054,0.014929404271158016,0.4096090972783299,0.1764165768368787
281,0.03609620468623894,0.48779280485368665,0.1249128216087972,0.029454898014328185,0.3217432708369489
282,0.3275201649755524,0.004619339651871183,0.010492987482505576,0.07347298856308594,0.5838945193269848
283,0.5775461324470752,0.3321290840778924,0.0005394625032265084,0.014701577145613414,0.07508374382619223
284,0.06767307506970953,0.5211749199561221,0.0017327114615921975,0.1811906274170054,0.2282286660955707
285,0.7222833532371853,0.014844699587681462,0.0010015857586869446,0.14824450954204574,0.11362585187440054
286,0.07372025118150681,0.1650552677670866,0.04042738676594901,0.36296203955723744,0.3578350547282202
287,0.16513040343234955,0.561819714402306,0.041873529064500585,0.1414228031922765,0.08975354990856746
288,0.16659891037073352,0.24117169526046311,0.12023576859744722,0.03610958407537629,0.43588404169597994
289,0.00902629500226741,0.0402660268171116,0.3923835992510368,0.012654376885700265,0.545669702043884
290,0.37069297540098806,0.19959541748800938,0.1756132963270192,0.17328274321949708,0.08081556756448638
291,0.6568356615934542,0.008646644843929636,0.0012389182529762759,0.1954630478250952,0.13781572748454457
292,0.013696073369164416,0.2842852411906701,0.0008412642460252187,0.6301701053658254,0.07100731582831497
293,0.01050671325720964,0.2890805243725289,1.4460327035389086e-05,0.23176775666266133,0.46863054538056476
294,0.28434360801690817,0.05975129256143809,0.07466130222038837,0.030185370995377363,0.5510584262058881
295,0.0011253510931654729,0.39255323851076346,0.005233869978834263,0.35862916453635274,0.242458375880884
296,0.28176810659194107,0.07797787779756388,0.034747592632336066,0.15321970920592828,0.4522867137722308
297,0.00011646563770905965,0.12272242610070816,0.006509420929521949,0.23357492763510165,0.6370767596969592
298,0.09075896397272114,0.5711282058750174,0.184883487677976,0.0004731823579280941,0.15275616011635726
299,0.30054898841579974,0.27458996289059917,0.002889478863901673,0.1178991139082309,0.3040724559214685
300,0.06985047845460224,0.2556042202456706,0.0714705884263368,0.32904950099053026,0.27402521188286016
301,0.23499536417195788,0.01162429531497591,0.25232965076573316,0.3411590754540686,0.1598916142932644
302,0.5203547951610737,0.17149646734084914,0.046793571968619864,0.07315830179704576,0.18819686373241143
303,0.0022670417784050115,0.08040648037161313,0.8413967639430803,0.05115382813880184,0.024775885768099824
304,0.18402882755480057,0.06370337667833224,0.04190100015636612,0.18033730357288702,0.5300294920376141
305,0.2842274465399523,0.42162011481665596,0.20929379353274252,0.030761401210756233,0.05409724389989308
306,0.02382746824111403,0.029198302637786153,0.0022537603142104507,0.4713047867128796,0.47341568209400975
307,0.037168562036056424,0.5050697279063795,0.3283882577149881,0.013133805526695857,0.11623964681587995
308,0.11766370701539156,0.09923023525284841,0.0006336337861379556,0.3942001247267557,0.3882722992188665
309,0.25083726937238776,0.2384832819563851,0.008446170862467788,0.15084782396431295,0.3513854538444463
310,0.11434024231773225,0.03960238929023016,0.7533359569336621,0.022443774122874405,0.0702776373355011
311,0.1525785653276105,0.6298850718223993,0.02808924386283245,0.10741024753722798,0.0820368714499299
312,0.4877901828901123,0.025521701082942116,0.00010982855119407998,0.1269249809636953,0.3596533065120561
313,0.05376349694195591,0.0021695165878777623,0.10168293108254062,0.07079201846005768,0.771592036927568
314,0.39786138097725826,0.12482297903567044,0.06764852547868468,0.030847639077755246,0.3788194754306313
315,0.4240659983921742,0.20476721929572492,0.21454968564105548,0.10912449382303067,0.047492602848014785
316,0.002444625490163282,0.2938691720690694,0.021828636208309108,0.2787421127349898,0.4031154534974684
317,0.1670328070722338,0.20675884039305206,0.14448175199627264,0.19106937611166167,0.29065722442677977
318,0.1769691191594843,0.5705886242827591,0.028053784893081045,0.05232128637446577,0.17206718529020965
319,0.022914082118966166,0.13678416638174085,0.0007468115491766778,0.2055364884646431,0.6340184514854732
320,0.046567717057857276,0.4478314790642141,0.05023432908766082,0.06375625979881469,0.39161021499145304
321,0.6677552743103625,0.07310482259430123,2.3754151446398218e-05,0.25328310068435655,0.005833048259533392
322,0.3980391819041005,0.3406284969374563,0.0020246185963912595,0.06516730858859823,0.1941403939734538
323,0.003933701955475488,0.22799778578938548,0.001331869702746585,0.6925579593344059,0.07417868321798649
324,0.22611346641298735,0.1896871293699189,0.4085085165513493,0.07005470978422434,0.10563617788152013
325,7.039689438304962e-05,0.10361868290333778,0.5704516696173807,0.056015903031676924,0.26984334755322165
326,0.20121235034318016,0.06771470805378751,0.05943605985102529,0.2994907540876716,0.37214612766433547
327,0.008065468376714013,0.2979583398080894,0.1542781793202695,0.4632685417964136,0.0764294706985135
328,0.06220764476300911,0.570891951312154,0.010662497426642496,0.34626646802433686,0.00997143847385771
329,0.001332856585120525,0.3887473007073522,0.01920435773805743,0.38862526806439096,0.20209021690507886
330,0.15082888112428838,0.033465497091259455,0.007754769026520892,0.4880468743716835,0.3199039783862478
331,0.036384691400893225,0.2899328077384674,0.560302983416353,0.04550000536316599,0.06787951208112043
332,0.17346608615550904,0.2807401493716916,0.26535779541227233,0.0064900441924116824,0.2739459248681153
333,0.1925229848298649,0.6077300935127647,2.369058961089692e-06,0.08370848816275704,0.11603606443565205
334,0.09481328862718727,0.012538649496646997,0.03334864937349448,0.21443520689247542,0.6448642056101959
335,0.164109334603905,0.4183847426122581,6.158093912714848e-06,0.10415101289971075,0.3133487517902133
336,0.3253176481529542,0.5109632886593313,0.1388528231030356,0.005275010517010156,0.019591229567668733
337,0.21405306338639565,0.0523360351337021,0.002930541555399785,0.18479044538561276,0.5458899145388897
338,0.2231084455249242,0.09274800328345294,0.0006159928883301648,0.5859016489900309,0.09762590931326175
339,0.013000055996816091,0.18332439445102375,0.0476078645427913,0.19698096271151924,0.5590867222978497
340,0.0003361356696011955,0.4067472440674529,0.45525871216648844,0.10879983346644544,0.02885807463001213
341,0.015923438739989148,0.05120268377218989,0.20889675799410798,0.5762556835827535,0.1477214359109595
342,0.015545809769515346,0.10491394179957356,0.002883927619110824,0.32269000027942935,0.5539663205323709
343,0.042158948166496776,0.14929163448261487,0.10417470137458251,0.619536852381271,0.08483786359503495
344,0.032008372711047,0.38503965837719867,0.011811541625550656,0.31435886996374457,0.25678155732245916
345,0.3807880739479418,0.15518313940483613,0.0684093455149333,0.07660186837541148,0.31901757275687725
346,0.1385649544793683,0.6019054935923633,0.0009875735889631222,0.23042977802655074,0.028112200312754413
347,0.000357980823473419,0.003031055202244798,0.32125786211797175,0.14911541849104715,0.5262376833652629
348,0.011992326565322616,0.3371116214728334,4.231109653041626e-05,0.14181948885662482,0.5090342520086888
349,0.1115068696880525,0.3242051802358917,0.10550620020912273,0.19709232440808475,0.2616894254588484
350,0.4873377925957593,0.132437064264788,0.00997728808478223,0.05066698497775053,0.3195808700769198
351,0.3832879122879715,0.0035140212419142473,0.5363891631160812,0.001961841771688443,0.07484706158234466
352,0.14733645934052364,0.35680965427058076,0.18643509025331512,0.0075575200321889085,0.30186127610339153
353,0.08977705936427417,0.06503705667800763,0.40697747898858994,0.38544810891122727,0.052760296057901
354,0.1400532382179051,0.09799048341040946,0.021118946747263313,0.16293071811827906,0.5779066135061431
355,0.11447789525774094,0.06891162066323549,0.12228135075011724,0.12810742628217078,0.5662217070467356
356,0.02376805339973181,0.5223684357117365,0.15114539626040627,0.22601441251517249,0.07670370211295306
357,0.015273502764928283,0.5820747682358179,0.0005685796921675608,0.22393941525394553,0.17814373405314068
358,0.1487114749217433,0.23322804454003815,0.01355641087601668,0.5282794873134478,0.07622458234875419
359,0.04176849948312235,0.10281006652423823,0.019751042207165195,0.6340941159431723,0.20157627584230178
360,0.609533209852348,0.14827277865525398,0.00898782233434447,0.21563075594492215,0.017575433213131306
361,0.059555415371982834,0.7884597599281825,0.0012304378340619777,0.08344490075452173,0.0673094861112508
362,0.5728158102079917,0.07018976027374894,2.5339200129985845e-08,0.09678370394691375,0.2602107002321456
363,0.13114210820815217,0.19857414084898573,0.21935868999596003,0.16493580668886132,0.2859892542580408
364,0.1566590298684905,0.10607897054393568,0.0009403648614333675,0.4452742313550095,0.29104740337113105
365,0.18741699105960913,0.04704039646464937,0.6391548325307478,0.006485269794424669,0.11990251015056913
366,0.2320236492092364,0.03806443743503212,0.02107127844925109,0.362411736705276,0.3464288982012042
367,0.006937171429730983,0.0802815010975595,0.030314428249991168,0.1346249698219332,0.747841929400785
368,0.033561412998415904,0.014030209293473053,0.41734020598006755,0.007966612241873733,0.5271015594861698
369,0.115053771700304,0.31412284396108414,0.1665637033277443,0.12018929086880008,0.2840703901420674
370,0.028357514319705287,0.6817345374134568,0.017964911751605216,0.22316778300192094,0.04877525351331175
371,0.11736823042336322,0.4402533118460515,0.3315294031612614,0.06930789846663074,0.041541156102693176
372,0.05739355092957661,0.5714671841938027,0.0029086430745171176,0.029896483159124375,0.33833413864297923
373,0.24979953970298702,0.2706864491701142,0.25036547809955134,0.10338780599475816,0.1257607270325893
374,0.34361611442083945,0.038278322237234506,0.002003872172493725,0.3824078069713273,0.23369388419810513
375,0.082035823735616,0.45709051450452554,0.28758233525918564,0.15251556123878207,0.020775765261890667
376,0.06718637435969867,0.2167793736500373,0.011065903042374706,0.0554660724636514,0.6495022764842379
377,0.01851859806150683,0.5539199919328345,0.3266691154687597,0.008454433407110036,0.09243786112978895
378,0.32534648597445703,0.03301404868906842,0.0012567859058129735,0.5936350643630904,0.046747615067571045
379,0.03848584789309147,0.30917760673854855,0.015771284938170184,0.5957954982647153,0.04076976216547458
380,0.06619432030641845,0.13792884525569657,0.4001725767881907,0.31564878246038813,0.08005547518930609
381,0.015980286980193163,0.11753800701434353,0.32580817575847526,0.06285886017176473,0.4778146700752233
382,0.16550610074498373,0.029467296095782435,0.0074166600975769026,0.6263346688252821,0.17127527423637484
383,0.06922370088408775,0.05513680122808498,0.18707392951225116,0.3029799972355658,0.38558557114001046
384,0.11192637997411038,0.5398232031959685,0.14899074154193187,0.07254791005537217,0.12671176523261707
385,0.07093544092631159,0.4152182248026896,0.07820139849071857,0.1768878634057302,0.25875707237455003
